-3922.544433909231
-221.5694794700334
-91.44914417977961
-46.36593099828295
-31.978082283901234
-24.11474304555451
-19.22061782166794
-16.192952551566233
-13.78832843939761
-11.86702837968679
-10.964238568518917
-9.779018412728472
-9.389041036465965
-8.869208537830877
-8.905267925351223
-8.36996753785028
-8.57852007932496
-8.225384891784538
-8.207029268580058
-7.989931521501385
-7.835233707634167
-7.771408765732483
-7.617123395299818
-7.427727224273204
-7.594195791160823
-7.385762924101923
-7.476195054614713
-7.3472485795737565
-7.130514354204275
-7.399393572673282
-7.23188950965588
-7.3739675573502605
-7.234740012682299
-7.077007455702984
-7.337250730346256
-7.095834137191673
-7.452504013890425
-6.856055304974206
-7.399194728660539
-6.929418448616921
-7.255590406584461
-6.956542656006069
-7.285855314205378
-6.906399689692688
-7.049160438568944
-7.0644844173613475
-6.944941808963044
-6.756269364562815
-6.973019160748122
-6.713231898076758
-6.3671953407146455
-6.783946510422152
-6.300088064160202
-6.534856496969216
-6.876888471533501
-6.687797687761995
-6.915624292977546
-7.039282664231918
-6.690132912867158
-6.700974221214786
-6.751798878500691
-6.489700890431776
-6.77824337517906
-6.539683544254336
-6.424447110354887
-6.380503647407694
-6.880233793898882
-6.456703293977682
-6.413740023135441
-6.1581244722403445
-6.348211254211233
-6.24479036067195
-6.226562946313344
-6.727965603740528
-6.096144459416218
-6.3189040935388645
-6.416555216724797
-6.207003887736733
-6.131926528555309
-6.114995341216476
-6.565985075869556
-6.134399972303032
-6.3390081123169795
-6.021948838724726
-6.270860995062911
-5.944839994531205
-6.220946246192517
-5.96691761024016
-5.98307095485618
-6.0931353983961545
-6.11271190273166
-5.9841023724972535
-5.806678079856201
-5.82479411888794
-5.575052721763838
-6.072459154236128
-5.835817641257563
-5.71902272618221
-6.024858169776114
-5.585315072638757
-5.6796891825634575
-5.618372232785328
-5.849056646079537
-5.45139871883781
-5.355856137091
-5.616525604198841
-5.552757519153065
-5.707703534458591
-5.552913597127385
-5.716330818212314
-5.388763207408423
-5.559687037875342
-5.225035634566085
-5.284644821434033
-5.202948249667803
-5.069223032606048
-5.211784623376371
-5.289557424418058
-5.028443112327208
-5.102086219136927
-5.173904182632139
-5.045943268624796
-5.195458123354213
-4.976277054444758
-4.983067499791134
-4.948581118255415
-4.755586978778506
-4.753448315331852
-4.7336606642962655
-4.542944188765437
-4.473981316080781
-4.4094331158488185
-4.301907419217881
-4.200892889322423
-4.0493104343961726
-3.7846460626779277
-3.591606716515528
-3.6081325344428485
-3.6436497777166026
-3.3753583110828425
-3.5561298921585998
-3.1364673231173885
-3.2476904660787707
-3.024362102804074
-2.870799024491894
-2.575374310652181
-2.3795677387177174
-2.4220575186781237
-2.3597702747476164
-2.110852548597423
-1.9951654368021388
-2.0005500569872985
-1.9113075423164687
-1.6414269933936907
-1.3338003713343232
-0.9673440801795266
-0.5425333622007045
-0.13263042740621375
-0.36430483096864313
-0.24555114597224736
0.08059608425906982
0.10724602099301858
0.4926125994506777
0.4148723598959548
0.5548047910944561
0.5548047910944561
0.5548047910944561
0.5548047910944561
0.5548047910944561
0.5548047910944561
0.5548047910944561
0.5548047910944561
0.5548047910944561
0.5548047910944561
0.5548047910944561
0.5548047910944561
0.5548047910944561
0.5548047910944561
0.5548047910944561
0.5548047910944561
0.5548047910944561
