-0.3960574196012621
-0.32672126116259403
-0.31340056218700624
-0.29971283836115076
-0.2963564571483765
-0.293034415958202
-0.27998765189314556
-0.2824472268446985
-0.27704665616260327
-0.2759701778316416
-0.2796420416824458
-0.2731421558265609
-0.26943613784832154
-0.2735037888995815
-0.26522574055510134
-0.26808434976992873
-0.2635981509605857
-0.2633690200763496
-0.2662066399273242
-0.2642565056816504
-0.2623308745288878
-0.2651997295559147
-0.2654305428477559
-0.2570946957019781
-0.2606160472034598
-0.2566624645266529
-0.26037485331879057
-0.2525961287121386
-0.2540021396925349
-0.25182982811953947
-0.25133534803334584
-0.25548387322567395
-0.2515518469001735
-0.2544880257701125
-0.250648234940402
-0.2533806986420754
-0.2539566768864401
-0.2543550283295748
-0.2452931713062621
-0.2500706843058488
-0.2506442403631945
-0.25345134933161445
-0.2502168257505131
-0.2569732840270305
-0.24335140031391816
-0.24951355969110792
-0.25038681646545213
-0.24932290644447902
-0.2397774666561851
-0.24861449394944088
-0.24520959791778169
-0.24862889069236105
-0.24643211762567618
-0.24547944093979213
-0.24697273824944277
-0.24224387424647262
-0.24863022298600598
-0.24520116886419402
-0.24446200524751022
-0.24937683511638994
-0.24765371126475316
-0.24469817838952906
-0.24795745994286875
-0.24055322807145643
-0.23995505974421377
-0.239532950394148
-0.24012596613037446
-0.244308976587629
-0.24741731040591006
-0.24591275420048192
-0.23980181861825656
-0.24527855758058464
-0.23843035452042527
-0.2522008127725978
-0.2400240648468153
-0.23365812934596533
-0.24465397830541805
-0.24572350469749338
-0.2405226679257042
-0.23999707087620792
-0.24252560787394686
-0.24568758192706724
-0.24361416818175768
-0.23740297605018668
-0.24278249035280794
-0.23670842011939924
-0.24321504531442473
-0.24860227462742018
-0.23891821482369593
-0.23506977673120333
-0.2370223452359197
-0.23980274252524353
-0.23894336968974045
-0.23955126914855326
-0.2423481421150764
-0.2431372920007415
-0.23447403731169444
-0.24394959562261292
-0.23987035209480667
-0.23764550963570913
-0.2364376960269851
-0.23845113701676554
-0.2380634538085937
-0.23487974924061902
-0.2239473720934717
-0.23319715692686244
-0.2365948063463378
-0.2367205024396857
-0.23701984414629365
-0.23489103401451827
-0.23702277627672033
-0.23072229980820466
-0.24071905814137992
-0.2349440148628203
-0.23550172880496617
-0.23390818741986422
-0.2329346423052496
-0.23142647578262326
-0.23542513341200036
-0.24038472800516417
-0.23125431051809428
-0.2307582219788921
-0.2314757657879474
-0.2378013885088734
-0.23435675449194307
-0.23341292156302218
-0.2325832649870233
-0.2362904892173188
-0.23367023638738815
-0.22843013791704622
-0.23460888202395963
-0.23909563127206254
-0.23754050177426536
-0.23126507560382506
-0.2289204347822644
-0.2306182351594515
-0.23203891438292076
-0.23040551618490795
-0.22783531155939868
-0.2295460479655229
-0.23467504961822386
-0.23600109074389322
-0.23300131776146316
-0.23043352177330675
-0.23380902754199923
-0.2237668740272683
