-0.37557001289497927
-0.2891487486762577
-0.2704410146720402
-0.25093186451324767
-0.2409801997938883
-0.22888919176017275
-0.22006264327012062
-0.21562191378061768
-0.2135028696379997
-0.21319390963534346
-0.21305106914846372
-0.20797411976315705
-0.20469191737609016
-0.19893057350518917
-0.19958228953568358
-0.196044853799626
-0.1948697639706407
-0.19328151809418137
-0.19112233432018222
-0.19017618492407284
-0.18985776605868843
-0.18926810984083886
-0.1877301753846341
-0.18476293458973125
-0.18340475672189083
-0.18290575403451345
-0.18545527099872228
-0.18283316768840985
-0.18272689066598669
-0.18059085284192244
-0.17994592045606694
-0.18001873775357868
-0.17961097504056767
-0.17691520815835138
-0.17797158606220798
-0.175170335779681
-0.1740533101984214
-0.17376720601105222
-0.17265412651617495
-0.1714143417958225
-0.17117140679094933
-0.1709734638974001
-0.17032259027005292
-0.17032259027005292
-0.16962465876400978
-0.16797975091978934
-0.16797975091978934
-0.16757472814512697
-0.16882595927483868
-0.1669193336430319
-0.1659629899873658
-0.16922072274530353
-0.16436363210478766
-0.16436363210478766
-0.1636741642203745
-0.1643477335389898
-0.16379966486288589
-0.16379966486288589
-0.1625814966907584
-0.16228169239635437
-0.16439129651440276
-0.16110620721641755
-0.16087396105631613
-0.16087396105631613
-0.1599939358007334
-0.1599939358007334
-0.1599939358007334
-0.1599939358007334
-0.16485992255880455
-0.16153015027307127
-0.15911549133783165
-0.1585819821763692
-0.16125510368273677
-0.15986774108278157
-0.15839767160628226
-0.15839767160628226
-0.15839767160628226
-0.1568806040758528
-0.1568806040758528
-0.15420780754220806
-0.1565259605443554
-0.15598581061527006
-0.15587661283894616
-0.1548890098982787
-0.15467682302781172
-0.15467682302781172
-0.15460354777595642
-0.15969710857907438
-0.15562962036602013
-0.15309448632076883
-0.1523868811295701
-0.15206578782332092
-0.15206578782332092
-0.15206578782332092
-0.15206578782332092
-0.15552571254163494
-0.15156512620778817
-0.156694294900251
-0.15265571163805114
-0.1515382550741411
-0.1495230801951688
-0.15046361509802053
-0.14898648790787683
-0.14711941734428113
-0.14711941734428113
-0.1461885935376832
-0.1461885935376832
-0.1461885935376832
-0.1461885935376832
-0.1454656423897691
-0.1454656423897691
-0.1454656423897691
-0.1454656423897691
-0.1454656423897691
-0.14623367319376146
-0.1448603767026806
-0.14475466736270515
-0.14475466736270515
-0.14435897364225037
-0.14388366430096
-0.14388366430096
-0.1438606036099248
-0.14372659816084488
-0.14372659816084488
-0.14372659816084488
-0.14253555553808228
-0.14253555553808228
-0.14253555553808228
-0.14253555553808228
-0.14253555553808228
-0.14253555553808228
-0.14253555553808228
-0.14253555553808228
-0.14305237007925564
-0.1421943752262087
-0.143801139431059
-0.14205156456300427
-0.14200941079151796
-0.14200941079151796
-0.1416215733155599
-0.14149974791576625
-0.14149974791576625
-0.14149974791576625
-0.14019138315030344
-0.14019138315030344
-0.14008047367991638
