-0.052936041004883805
-0.08136552498454819
-0.09023260730121763
-0.09774122443403144
-0.09774122443405986
-0.09774122443405986
-0.1161854799015174
-0.122971577409686
-0.12297157740970022
-0.12297157740970022
-0.12297157740970022
-0.12297157740971443
-0.129911781480061
-0.1299117814800752
-0.1299117814800752
-0.13185906552385518
-0.13319305197337883
-0.13319305197339304
-0.13319305197340725
-0.13319305197340725
-0.13319305197340725
-0.13319305197340725
-0.14065055714870311
-0.14222756564588224
-0.14222756564588224
-0.14222756564588224
-0.14554568158938253
-0.14554568158939674
-0.14554568158941095
-0.14554568158941095
-0.14554568158941095
-0.14784320396319117
-0.14784320396320538
-0.14784320396320538
-0.1478432039632196
-0.14825175319050743
-0.15076592402182598
-0.15413752733077501
-0.15413752733077501
-0.15413752733078923
-0.15413752733080344
-0.15413752733080344
-0.15413752733080344
-0.15413752733081765
-0.15413752733081765
-0.15413752733083186
-0.15672969497865097
-0.1567296949786794
-0.1567296949786794
-0.1567296949787078
-0.1568562642268887
-0.1568562642269029
-0.1568562642269029
-0.1568562642269029
-0.1568562642269029
-0.1568562642269029
-0.15685626422691712
-0.15685626422693133
-0.15685626422693133
-0.15685626422693133
-0.15685626422694554
-0.15685626422694554
-0.15685626422694554
-0.15685626422695975
