Layer: dense
Weights: [[-0.04235692 -0.08305266 -0.14091924 ...  0.10428189 -0.05202761
   0.01619357]
 [-0.03172839 -0.13689128 -0.09777525 ... -0.02051936 -0.15868497
   0.14643718]
 [ 0.02438319 -0.03048813  0.16643414 ...  0.00926004  0.03529414
   0.12178527]
 ...
 [ 0.0626535   0.15513     0.01980174 ...  0.12423076 -0.12128806
   0.16008374]
 [ 0.02959258 -0.11085037 -0.13879755 ...  0.04340544  0.0028132
   0.02325355]
 [ 0.07891994 -0.14366794 -0.16271505 ...  0.09781627  0.13314477
   0.1756901 ]]
Biases: [ 2.50410032e-03  1.30518444e-03  3.20073043e-04 -1.26301970e-07
  8.61441717e-03  2.65777903e-03  1.24145299e-03  2.64174072e-04
  2.26575537e-07  6.88540342e-04 -3.12991277e-03  1.49547150e-02
 -2.42899125e-03  1.00429840e-02 -4.14268434e-05  6.20572100e-05
 -3.27897360e-05  6.55320066e-04  5.23846771e-04  7.78390188e-03
  3.15421494e-04  0.00000000e+00  9.51164518e-04  4.37247893e-03
  0.00000000e+00  0.00000000e+00 -5.32751065e-03  9.41054616e-03
  6.57840360e-09  2.67133123e-06 -4.07073926e-03  7.20717059e-03
 -1.44790916e-03  1.97013896e-02 -2.93207192e-03 -1.92320847e-03
  1.30884480e-04  0.00000000e+00 -2.92547280e-03 -2.20664567e-03
  1.16482354e-07  4.30497155e-03  1.95581582e-03  1.75759979e-02
 -1.61575215e-08 -3.29746632e-03  0.00000000e+00  5.87212574e-03
 -4.35087095e-05  3.00106611e-02 -6.77887676e-03  4.91703628e-03
  8.23212380e-04  1.06832134e-02 -1.13775159e-05  5.24696079e-04
 -2.20772414e-08  8.76724254e-03  0.00000000e+00 -5.01905015e-05
  4.88102064e-03  2.20248895e-03 -6.09977491e-08 -7.63643254e-03
  0.00000000e+00 -3.46920057e-03 -1.65722115e-04  1.32400049e-02
  1.53952523e-03  6.24540495e-04  0.00000000e+00 -2.14579864e-04
  1.59627311e-02 -6.52171578e-03  1.84594704e-08  5.39209135e-03
  1.30020389e-05  0.00000000e+00 -1.00601646e-05 -3.62956314e-04
  9.50108934e-03 -2.42094509e-03  5.98716608e-04 -5.49610149e-06
  0.00000000e+00  2.48471861e-05 -1.02173886e-03  1.49492640e-03
  4.16578667e-04  0.00000000e+00  1.18472958e-02  1.18899448e-02
  8.43110261e-04 -1.25251172e-04 -4.14141407e-03 -1.80394618e-05
 -1.16417895e-03  0.00000000e+00 -1.99968127e-07  4.60605416e-03
 -2.46649687e-08 -3.55270877e-03 -3.51150613e-03 -1.28344609e-03
  0.00000000e+00  2.35673436e-03  2.27276818e-03  2.08438014e-05
 -1.52574200e-03 -4.61192249e-04  0.00000000e+00 -3.51153221e-03
  1.63784586e-02 -7.61198244e-05  3.89105966e-03  3.82205797e-03
  7.84617197e-03  3.28692934e-03  0.00000000e+00 -1.52159497e-04
  6.70194626e-04 -1.42588583e-03  5.78220328e-03 -6.75936136e-03
  7.65612116e-03  5.89220226e-03  1.25766828e-05  2.21106932e-02]
Layer: dense_1
Weights: [[ 0.01049044  0.1661352   0.03906412 ... -0.01982571  0.16142933
  -0.06514209]
 [ 0.03005974 -0.12081536  0.0899263  ...  0.02390182 -0.03576523
   0.08734729]
 [-0.08008687  0.04847761 -0.0260725  ... -0.04126868 -0.08677024
  -0.05617278]
 ...
 [ 0.00335792 -0.04056642  0.02992715 ... -0.14104068  0.15379615
   0.16431491]
 [ 0.067939   -0.12887338 -0.06623594 ...  0.05196866 -0.12083742
  -0.01464587]
 [ 0.06470027 -0.07294911  0.1763355  ...  0.05593233 -0.14995806
  -0.04074192]]
Biases: [-1.4231234e-03  2.7293052e-05  2.3315737e-02  2.1386304e-04
  1.1177343e-06  2.2681983e-02  2.1970252e-06 -4.2807795e-03
 -1.6790872e-03  2.7310522e-03  2.7446765e-02  2.3707878e-04
 -1.3090343e-03  5.8596008e-03  0.0000000e+00  0.0000000e+00
  1.4984099e-03  4.7909264e-03 -8.2849857e-04  2.9922585e-04
 -4.1184751e-03 -1.2736440e-02  0.0000000e+00  1.9340696e-05
  4.4245505e-07  6.9410057e-04  3.3331169e-05 -1.5070362e-03
  5.4502632e-03 -2.2644362e-04  2.5813907e-02 -1.5124980e-04
  8.5818247e-05  2.1648806e-02  3.1405610e-03 -3.1766752e-03
  0.0000000e+00  3.2121598e-06  3.7082995e-03  7.6784631e-03
  2.4225902e-02 -7.7163067e-09  0.0000000e+00  1.3921384e-02
  0.0000000e+00  4.0313278e-04  0.0000000e+00 -5.4790210e-03
  9.0093361e-03 -1.6676048e-04 -4.4215247e-03  0.0000000e+00
 -8.0200084e-07  2.5333021e-02 -5.6664675e-04  0.0000000e+00
  1.5633296e-02  2.0726323e-03 -9.5378421e-03  8.1509988e-06
  3.1718021e-06  0.0000000e+00  0.0000000e+00  3.2957367e-05]
Layer: dense_2
Weights: [[-0.11574862  0.14876899 -0.19914842 -0.05501819]
 [ 0.19296741 -0.15860172  0.1803205   0.0171346 ]
 [ 0.18663615 -0.14347085  0.14848962  0.424548  ]
 [-0.17155854  0.06529775  0.05950852 -0.01936027]
 [ 0.04188517  0.20028794  0.2720566   0.04457383]
 [ 0.0588052   0.02595065  0.25740185  0.3083248 ]
 [ 0.1791909  -0.27531528  0.08763528  0.06472185]
 [-0.14213426  0.18960321 -0.23815328 -0.18002665]
 [ 0.1637681  -0.06095371  0.26354924 -0.20870382]
 [-0.01042427  0.09253652 -0.14661548  0.1909546 ]
 [ 0.2763139   0.1456653   0.2915693   0.33017203]
 [ 0.05875102  0.1963542  -0.26863775 -0.00970949]
 [-0.03059153 -0.29987     0.01464554 -0.00105077]
 [ 0.07644145 -0.03768038 -0.03570778  0.24159148]
 [-0.28376183  0.05921313  0.00479409  0.00374812]
 [ 0.25999105 -0.28579926  0.02017948  0.12228301]
 [ 0.15151483 -0.20669465  0.07504151  0.02187707]
 [-0.18566641  0.1007729  -0.18483508  0.28155282]
 [ 0.23826396 -0.02558633  0.28392977 -0.16839044]
 [-0.01753896 -0.19543983 -0.07414212 -0.00744165]
 [-0.0475559  -0.22387885  0.1987804  -0.17134269]
 [-0.07365493 -0.21194369  0.02523829 -0.26655802]
 [ 0.24230874 -0.17584229  0.11922008  0.27925098]
 [-0.11031885 -0.21411571  0.06882757  0.050639  ]
 [ 0.11560199 -0.19705845  0.08840413  0.19071513]
 [ 0.2119503  -0.1168267  -0.02195147  0.08412401]
 [-0.10999607  0.12787531  0.05217438  0.17088364]
 [-0.0140534   0.11856239  0.26054922 -0.12776421]
 [-0.2796383  -0.07246859  0.0811595   0.15500516]
 [-0.14568464  0.19721928 -0.20264457 -0.09347638]
 [-0.25255013  0.1427621   0.3858009   0.27247158]
 [-0.22170968 -0.07612144 -0.18621436 -0.23110531]
 [-0.18055567 -0.05776204  0.06779025  0.18013035]
 [-0.23191737  0.03027276  0.34294072  0.2889825 ]
 [-0.1548839   0.08389405 -0.15308298  0.24541378]
 [ 0.2720872   0.05679908 -0.13759495 -0.01105818]
 [-0.02490225 -0.20246576  0.24713176 -0.27402574]
 [ 0.19799265  0.14713445  0.25097492  0.06719512]
 [ 0.05442854  0.20953195  0.32264218 -0.14669457]
 [-0.24027628 -0.02521702  0.13720778  0.07768793]
 [-0.09149991  0.2456756   0.260596    0.36356303]
 [-0.03910559 -0.02514362 -0.09754747 -0.15029131]
 [-0.05535097 -0.1672566   0.04660282  0.09443668]
 [ 0.01627178  0.11513422  0.02606556  0.2888705 ]
 [ 0.21794099 -0.28581887  0.27384043 -0.1289452 ]
 [-0.20158574 -0.0501831  -0.21253687 -0.18789107]
 [-0.07878695  0.03258985  0.10236052 -0.09699258]
 [ 0.28350565  0.09731595 -0.2798942   0.2024383 ]
 [ 0.2707769  -0.28535694 -0.05419634  0.25545248]
 [ 0.25918883 -0.13137531 -0.12148599  0.03249307]
 [ 0.14493734  0.18674414  0.05711565 -0.18654567]
 [ 0.21950114 -0.09149845 -0.01678178  0.0770517 ]
 [-0.07801202  0.17313214 -0.18969247  0.04962151]
 [-0.24016806  0.1141592   0.27010444  0.34989992]
 [-0.23833668 -0.20294833 -0.18840829  0.03939341]
 [ 0.2896347   0.24735475 -0.16261967  0.19181961]
 [-0.18198808  0.00599619  0.08970894  0.26335865]
 [-0.06651006  0.25317028  0.1763058  -0.07476872]
 [-0.23793866 -0.0954273  -0.11389899 -0.15369551]
 [-0.07046038  0.12307479  0.02663913  0.17442025]
 [ 0.274323   -0.21077701  0.20782095 -0.07754073]
 [-0.1392223   0.23283494 -0.03902733 -0.14283657]
 [-0.17454945  0.292082   -0.27424717 -0.1480521 ]
 [ 0.09593481  0.20876582  0.1126962  -0.27320796]]
Biases: [ 1.9389217e-06 -4.1701454e-03  5.2688088e-02  5.9003852e-02]
Layer: dense_3
Weights: [[ 1.97178070e-02 -1.04638331e-01 -3.41158696e-02 -1.82163328e-01
  -1.54514790e-01  2.95780934e-02  7.37405121e-02 -4.98312116e-02
   3.67708988e-02  1.77658528e-01 -5.65181673e-03  7.35180974e-02
  -2.27705017e-01  5.66618368e-02 -2.32168213e-01  6.98482692e-02
   1.19712710e-01 -1.84107646e-01 -1.57302096e-01 -2.50543892e-01
  -1.13035619e-01  4.69015762e-02  2.19747722e-01 -6.94480166e-02
  -2.28192389e-01  1.46223038e-01 -1.06723249e-01 -1.64207891e-01
  -4.91846949e-02 -1.44671798e-02  3.93444765e-03 -6.37231916e-02
   1.35203421e-01 -7.38072544e-02 -4.55192439e-02  1.50478566e-02
   4.27398272e-02  7.55628347e-02  2.06596971e-01  8.00172985e-02
  -2.07628936e-01  4.64412123e-02 -1.41294420e-01 -8.49108696e-02
  -1.95302457e-01  2.40053833e-01  1.56901419e-01 -2.32460201e-01
  -1.45454362e-01  3.95816416e-02  2.32198119e-01  1.15991950e-01
   2.27831036e-01 -1.49605215e-01  2.43506759e-01 -2.14137137e-02
   1.67430937e-02 -1.49474412e-01  4.83106002e-02  1.70425713e-01
   1.29305441e-02  1.91766649e-01 -1.81711003e-01 -8.05075914e-02
  -1.56573981e-01  9.09613967e-02  1.59304470e-01  1.85637563e-01
   2.49064285e-02 -2.27542102e-01  9.03825462e-02  1.67335242e-01
   1.05561763e-01  1.81637049e-01  5.18435724e-02 -1.20577618e-01
  -3.60383019e-02 -6.65497482e-02 -2.24600151e-01 -1.71210811e-01
  -1.98710859e-01  2.32651383e-01  4.11523134e-02 -2.31408998e-01
   6.76332414e-02 -2.48450920e-01  5.76758990e-03  1.22097749e-02
   9.17667449e-02 -9.16072577e-02  6.89382851e-02]
 [-2.55806804e-01  3.71763855e-01  1.90431938e-01 -1.82970464e-01
   1.83864847e-01  1.33486733e-01  1.22214720e-01 -1.84053540e-01
  -1.60666332e-01 -2.21397858e-02 -3.06847878e-02  7.52539039e-02
  -6.70698285e-02  1.85747445e-01  3.61479037e-02 -8.49861130e-02
  -5.62000163e-02  2.13739187e-01  2.18695149e-01 -2.41375148e-01
  -9.93478894e-02 -1.06939614e-01  1.58975393e-01  6.43508285e-02
   8.13573375e-02  2.20398139e-03  1.81261420e-01  1.79244891e-01
  -4.42187674e-02 -2.10398868e-01 -2.14450568e-01  5.48096448e-02
  -1.93005756e-01  2.46092051e-01  8.22289139e-02 -3.21296453e-02
   1.83681265e-01  1.31973639e-01 -1.84388548e-01  3.27871144e-02
   2.09853542e-03 -7.62105882e-02 -7.59145623e-05 -1.95699111e-01
  -1.45203933e-01  2.44688746e-02  3.55546921e-02  1.57151312e-01
   1.64369836e-01 -1.85296640e-01 -1.48005545e-01 -4.25548032e-02
   5.17666936e-02 -2.07403153e-02  6.01729052e-03 -1.17478058e-01
   5.73902354e-02  2.31433839e-01 -2.48935848e-01  1.42933473e-01
   1.71655297e-01 -1.09040491e-01 -1.43669024e-01 -1.82247013e-01
  -2.79056672e-02  3.97577174e-02 -4.20387974e-03 -2.28957579e-01
   1.50075495e-01  2.08132088e-01  2.26549536e-01 -1.15062594e-02
  -5.97964823e-02  2.01330677e-01  1.64960116e-01  1.48452103e-01
  -1.55280322e-01  1.66134760e-01 -5.64698083e-03 -1.76992789e-01
   1.46831572e-01  3.85363922e-02 -6.84993416e-02 -8.83733388e-03
  -6.21572230e-03 -2.42460713e-01 -7.62335062e-02  7.63131380e-02
   7.98904002e-02  8.64465311e-02 -2.38286644e-01]
 [ 7.61814713e-01  2.51202375e-01  3.27006355e-02  1.10351257e-02
  -2.35746190e-01  1.00807138e-01  7.51020238e-02  1.59214437e-01
  -2.54051894e-01  1.87248230e-01 -8.22038651e-02  2.25833759e-01
   1.80573583e-01 -1.94993138e-01  1.96518585e-01  5.13488650e-02
   1.39381252e-02 -2.08914995e-01  1.63140923e-01  9.90648195e-02
  -2.09833547e-01 -9.48951766e-02  3.59483063e-02  1.08412318e-01
   1.45688221e-01 -1.91504687e-01 -2.33554572e-01  1.72142223e-01
   1.13730200e-01  8.08879510e-02 -1.31417677e-01 -8.24138056e-03
   7.48783350e-02  6.84638843e-02  6.07232004e-02 -2.86448019e-04
  -1.13451056e-01 -2.42161557e-01 -1.42050132e-01  1.10456176e-01
   1.65793389e-01  2.11440012e-01  4.86452207e-02  9.77768153e-02
  -3.27734239e-02  4.35281210e-02 -6.00625053e-02 -2.32416585e-01
   1.37793377e-01 -2.43688393e-02  7.59202167e-02  4.63638902e-02
  -2.93319356e-02 -9.74542946e-02 -1.73766002e-01  2.29641706e-01
   1.30888700e-01  2.22669989e-01  2.30153248e-01 -7.01427693e-03
  -2.04763725e-01 -2.24310696e-01  1.84618756e-01  9.85898003e-02
  -1.55696273e-01  1.04854964e-01 -2.32467577e-01 -8.84285104e-03
  -4.38131578e-03  1.25621647e-01  2.72559021e-02 -8.71033147e-02
  -9.21853557e-02 -1.08487099e-01  1.20827354e-01 -2.03484595e-01
  -5.10613210e-02  1.84732139e-01  1.62107438e-01 -1.71002835e-01
  -6.59049004e-02  1.36020258e-01  6.22330606e-02 -1.58918560e-01
  -2.00212017e-01  1.85902551e-01 -1.99049950e-01 -1.93468466e-01
   1.10550560e-01 -1.72803283e-01 -1.63519844e-01]
 [ 5.89002669e-01  7.23388076e-01  1.89308926e-01  1.07782193e-01
  -2.15587854e-01 -2.42078304e-01  1.34025127e-01  7.76367411e-02
   1.50132418e-01 -2.33077437e-01  1.97945535e-01 -5.05358391e-02
  -2.20182180e-01 -2.21254900e-01 -1.44964769e-01  1.70266882e-01
  -2.06614703e-01  1.55420035e-01  1.23279989e-01  1.65526554e-01
  -9.73519385e-02 -8.82690772e-02  4.10177782e-02  1.88759953e-01
   1.02073848e-02 -1.52925715e-01 -1.87722519e-01  7.52682313e-02
   1.50256991e-01  1.22580536e-01  3.37943295e-03  1.69878706e-01
  -8.35823864e-02 -4.82559502e-02 -4.28700037e-02 -2.11544514e-01
  -2.34863982e-02  9.43874717e-02 -1.08379602e-01 -2.61070225e-02
  -1.13814376e-01  7.66264573e-02  2.07310975e-01 -1.30518928e-01
   2.27086529e-01  1.88721567e-01 -1.64912298e-01  2.16230854e-01
  -1.76370442e-01  1.91976979e-01  4.96436805e-02 -2.50576615e-01
  -2.34180167e-01 -2.37832278e-01 -1.14727102e-01 -2.99820788e-02
   2.94172075e-02  5.77816693e-03 -2.03734055e-01  9.21832472e-02
   7.61232451e-02 -1.75907448e-01  1.70901805e-01 -1.71414107e-01
   3.95751223e-02  3.75240929e-02 -3.40971313e-02 -6.24790043e-02
  -1.72114015e-01  9.89587829e-02 -4.27130833e-02  1.18923552e-01
  -1.63357779e-01  2.69271564e-02 -2.28040740e-01  6.66698366e-02
  -1.59496993e-01 -2.24206805e-01  6.38717934e-02 -2.00577214e-01
  -3.59851047e-02  1.81242809e-01  9.03104842e-02  9.54868644e-03
   1.47686481e-01  1.22763775e-01 -5.73169552e-02  6.37872070e-02
   2.02609040e-02  8.97504855e-03 -2.00208589e-01]]
Biases: [ 0.1981061   0.09035885 -0.00618233 -0.00338276 -0.00115663 -0.0018432
 -0.00522741 -0.00500263 -0.00200702 -0.00220323 -0.00355816 -0.0040997
 -0.00222772 -0.00120954 -0.0027858  -0.00512441 -0.00167254 -0.00231836
 -0.00874317 -0.00575567 -0.00140728 -0.00171011 -0.00314511 -0.00888861
 -0.00391838 -0.00133293 -0.00120559 -0.00625645 -0.0063122  -0.00444724
 -0.00188736 -0.0042439  -0.00238252 -0.00267961 -0.00261021 -0.001621
 -0.00189928 -0.0018794  -0.00152588 -0.00309204 -0.00278868 -0.00661354
 -0.00661216 -0.00225446 -0.00460009 -0.00580821 -0.00159649 -0.00254846
 -0.00227642 -0.00404122 -0.00342815 -0.00163663 -0.00149484 -0.0013391
 -0.00145041 -0.00428683 -0.00398025 -0.00553978 -0.00254842 -0.00326196
 -0.00195009 -0.00122771 -0.01056724 -0.00207371 -0.00195703 -0.00375109
 -0.00150945 -0.00208905 -0.00174088 -0.00577883 -0.00245193 -0.00274103
 -0.00151488 -0.00213278 -0.00196995 -0.0019141  -0.00162186 -0.00226325
 -0.0050751  -0.00126995 -0.00202175 -0.00988918 -0.00384012 -0.00183882
 -0.0022583  -0.00694014 -0.00152516 -0.00192845 -0.00362983 -0.00180256
 -0.00128106]
