-462840.2231404959
-37.166666666666664
-37.955555555555556
-32.86666666666667
-32.86666666666667
-32.86666666666667
-31.733333333333334
-30.6
-28.333333333333332
-26.066666666666666
-24.366666666666667
-23.8
-23.233333333333334
-19.266666666666666
-18.7
-15.3
-13.6
-12.466666666666667
-8.5
-6.8
-4.387096774193548
-6.5
-5.420289855072464
-7.3164556962025316
-4.191780821917808
-6.102564102564102
-4.191780821917808
-9.2
-9.770114942528735
0.0
-5.44
-7.463414634146342
-7.3164556962025316
-7.157894736842105
-6.623376623376624
-7.783132530120482
0.0
-7.555555555555555
-8.095238095238095
-6.538461538461538
-5.194444444444445
