Layer: dense
Weights: [[-0.0528314   0.09893083  0.08945389 ... -0.13222891 -0.0497967
   0.07463463]
 [-0.11417416 -0.1167677  -0.04443748 ... -0.17313911 -0.07971559
   0.03422344]
 [ 0.13569117  0.05068346  0.13661806 ...  0.082519    0.03974334
  -0.0696523 ]
 ...
 [-0.15516329 -0.0044516  -0.08092788 ... -0.11504163  0.05732265
  -0.13053147]
 [-0.18358377  0.06776484  0.05314651 ... -0.1713831  -0.07449638
   0.10503327]
 [-0.11951178  0.02933402  0.02488808 ... -0.16328752 -0.10047822
   0.10339623]]
Biases: [-1.9890668e-03  1.1816287e-03 -6.7058131e-03  3.8420613e-04
 -4.6047632e-04  1.2622565e-02  1.1885123e-03 -7.8947237e-03
 -1.0382296e-03 -4.1612852e-04  5.6777704e-03  2.6216605e-03
  3.5097199e-03 -8.6389779e-04 -2.8617855e-03  9.3688030e-04
  5.8805576e-04 -1.4511490e-02 -5.0784992e-03  7.2360262e-03
 -1.6053654e-03 -9.3601045e-04  2.7389466e-03  1.4836066e-03
  1.4407914e-02 -5.7459949e-03  9.1536157e-03  1.0676571e-02
 -1.3547118e-02 -2.2219296e-03  3.0569257e-03  1.3640250e-02
 -9.1852369e-03 -3.8328525e-03 -3.0635239e-03  7.7098301e-03
  5.4808469e-03  2.3426001e-06  5.9282845e-03  5.4402542e-03
  1.8507825e-03 -5.2517224e-03  3.9097248e-03 -1.1786366e-03
  7.4065845e-03  4.1962485e-03  5.0439569e-04 -3.4842489e-03
  1.6251385e-03  1.8919978e-04  2.3409544e-04  3.2310016e-04
  3.0204905e-03  2.2341509e-03  2.6230398e-03 -1.5705921e-03
  5.6395130e-03 -3.8133869e-03 -4.3376917e-03 -5.7029407e-03
 -4.3124114e-03 -3.1333237e-03 -9.1409846e-04  3.9708926e-03
  5.9797135e-03  2.5629351e-04 -1.1026064e-03  3.7032172e-05
 -1.4551013e-03  6.6828509e-03  9.5473770e-03  4.4809463e-03
 -6.5229618e-04 -8.7585335e-04 -5.7456456e-03 -9.3020254e-04
 -6.0653188e-03  9.9450853e-03 -2.2366894e-03 -8.6102905e-03
  1.2493513e-04  1.4520193e-03  6.5167057e-03  8.0779614e-03
  1.7643067e-03  5.2691014e-03  9.3366411e-03  3.4833616e-03
  3.3251932e-04  2.0470768e-03  1.0467701e-03 -7.8430516e-04
  3.7362194e-03 -8.6274324e-03  7.1433437e-04 -3.1951179e-03
 -4.0551045e-04  3.5060705e-03  2.4585561e-03  6.9787813e-04
  6.8100862e-04  7.3126140e-03 -7.0731959e-04  2.3504843e-04
  4.7039082e-03  1.1888636e-02 -6.5966335e-04 -6.6616815e-03
  2.0552415e-03 -5.7200762e-03 -9.1022151e-03 -5.5033583e-03
  9.6248044e-03  2.1043599e-03  3.9669033e-03 -1.4659836e-02
  1.6551359e-03 -1.4615551e-03 -1.3298962e-05  5.0427495e-03
 -3.0766709e-03  8.0812108e-03  8.7827764e-04 -1.4757196e-03
  2.9960796e-03  6.0644778e-03 -2.4678009e-03 -2.1242723e-04]
Layer: dense_1
Weights: [[-9.99612894e-05  1.47768006e-01 -1.03024226e-02 ... -1.14576198e-01
   1.64819852e-01  1.64530173e-01]
 [-1.13877013e-01 -1.67287007e-01 -1.29312396e-01 ... -1.33950755e-01
  -2.73764692e-02  9.28646699e-02]
 [-7.07588438e-03 -1.41209126e-01  5.14221676e-02 ... -9.49816182e-02
   1.36091143e-01  1.13222405e-01]
 ...
 [-1.56529874e-01  1.25399912e-02 -1.02347530e-01 ... -1.25207782e-01
  -4.51016650e-02  7.61343315e-02]
 [ 8.09868202e-02 -4.34441008e-02 -1.60970435e-01 ...  1.27362564e-01
   5.89212738e-02 -3.79942842e-02]
 [-4.98507358e-03 -1.13611475e-01 -1.10059381e-01 ... -4.18273509e-02
  -9.73651037e-02 -1.01238690e-01]]
Biases: [-0.02199238 -0.00016903 -0.00093122  0.00587922 -0.01849985  0.00304806
 -0.01015703 -0.01074399  0.01298602  0.01943368 -0.0006869   0.00136846
  0.00304444  0.02914418 -0.00667829  0.01469053 -0.01718644 -0.00064311
 -0.01666354 -0.02819495  0.02032146 -0.00765818 -0.00463108 -0.0106249
  0.00181631  0.00528466 -0.01128726 -0.00890944 -0.00693066  0.01388947
  0.00669839  0.01993572 -0.01419661 -0.00194233  0.02112927 -0.00210695
  0.00794992 -0.00327517 -0.01587162 -0.00187265  0.02140314 -0.00621342
  0.01668947  0.00344714  0.02928996  0.00082028  0.00026766 -0.00503144
 -0.00456365  0.00134688  0.01370142  0.02830779  0.00427616 -0.00842286
 -0.00476257  0.00850531  0.00029791  0.03090223  0.00114693  0.00520038
 -0.00104542  0.01220663  0.00812089 -0.01261966]
Layer: dense_2
Weights: [[-0.28377852 -0.16371006 -0.10319062  0.13077712]
 [ 0.02453292 -0.2613434  -0.01413886  0.1676488 ]
 [-0.17295171 -0.2108461   0.25497925  0.18934983]
 [ 0.20944566  0.15637837 -0.03435566  0.19501786]
 [-0.03775172  0.22553438 -0.20231186 -0.27209648]
 [ 0.1288945   0.16047147 -0.02918304  0.13572207]
 [-0.1357276   0.09016664 -0.2824684  -0.11503246]
 [ 0.01169604  0.16505569 -0.12398701 -0.0395665 ]
 [ 0.02429722  0.12700999  0.18259217 -0.04400056]
 [ 0.08251319 -0.2737694   0.24362461  0.09801749]
 [-0.02689438 -0.14617743  0.010869   -0.09396462]
 [ 0.14303158  0.25349018 -0.12843354  0.017087  ]
 [-0.05884982  0.02366036  0.2286056  -0.01938147]
 [ 0.15385714  0.04468746  0.12926252 -0.01671311]
 [-0.10486487  0.23287949  0.09950645  0.06157804]
 [ 0.15739551 -0.04244568 -0.00116852  0.02287272]
 [-0.23565298 -0.19284745 -0.25370744 -0.27257043]
 [ 0.1628606   0.06441841 -0.02920909  0.05851115]
 [-0.19756117 -0.17021528 -0.02427681 -0.2725647 ]
 [-0.1146768  -0.24524996 -0.19761673 -0.2666872 ]
 [ 0.22189775 -0.19290185  0.05448325  0.1095069 ]
 [-0.03113459  0.0369583  -0.13350362 -0.09514184]
 [ 0.2770531   0.12212162  0.28738996 -0.28609696]
 [-0.20860584  0.06553616  0.04380675  0.27241048]
 [ 0.04761934 -0.29022342 -0.15576704 -0.2592218 ]
 [ 0.20453864 -0.20985985  0.2651169   0.0819969 ]
 [-0.14506449 -0.27160308 -0.06032325 -0.20109685]
 [-0.15080836 -0.14906418  0.13638628  0.08737232]
 [ 0.04241097 -0.00645483 -0.21966271 -0.17037551]
 [ 0.20457077 -0.18570909  0.10535291  0.16847944]
 [ 0.06241209  0.13781305  0.22076592  0.14451277]
 [ 0.16781521 -0.15974098  0.07431408 -0.23526205]
 [-0.2519757   0.07406696  0.05982457 -0.25734192]
 [ 0.1897135   0.2074413   0.26991025  0.03722623]
 [ 0.16701566 -0.14580831  0.24422951 -0.09001347]
 [-0.17545806  0.10168805  0.2366321   0.2585472 ]
 [-0.06440181  0.26373672  0.2382398  -0.23655212]
 [-0.26732647 -0.07241586 -0.05301606  0.16883162]
 [-0.16993527  0.08118968 -0.03361    -0.04641078]
 [-0.09134647 -0.28833333 -0.21675594 -0.17718372]
 [ 0.31639335 -0.20892759 -0.1302663  -0.11328743]
 [ 0.03666012  0.15614112 -0.215752   -0.25204015]
 [ 0.16400228  0.19394457  0.03868587 -0.0272339 ]
 [-0.15086779  0.1786296   0.3016266   0.18627477]
 [ 0.28844026 -0.17574531 -0.02476051 -0.13111891]
 [-0.0387027   0.1249883  -0.09202935 -0.1327495 ]
 [-0.00252708  0.00244927 -0.29271695  0.060751  ]
 [-0.15405856  0.09874754 -0.02323442 -0.22714834]
 [ 0.08041687 -0.15211105 -0.22494178 -0.1728726 ]
 [ 0.06586862  0.25120828 -0.13068658 -0.2472897 ]
 [ 0.17257078 -0.29486385  0.22401169 -0.23248182]
 [ 0.30902165  0.02782494 -0.03763875 -0.2822846 ]
 [ 0.20415872 -0.22148827 -0.15523833  0.2488759 ]
 [-0.0623287   0.07194964 -0.08007772 -0.15265875]
 [ 0.0381329  -0.00689716 -0.17192021  0.02928598]
 [ 0.1675784  -0.1854774  -0.10175584  0.18813735]
 [ 0.12387994 -0.26738024 -0.21236964  0.03250564]
 [ 0.28169525  0.22223017  0.15830441  0.21376729]
 [ 0.14842217  0.04056142 -0.02563988 -0.14461061]
 [-0.04520168 -0.00411654  0.19326857 -0.29617354]
 [-0.07459774  0.23517457 -0.01560019  0.04152687]
 [ 0.16232121  0.1702321   0.15502702  0.275622  ]
 [ 0.24941911  0.18679364 -0.2426798  -0.24415371]
 [-0.02424814  0.26671338 -0.22634982  0.19288011]]
Biases: [0.11928873 0.00780754 0.06977779 0.00017338]
Layer: dense_3
Weights: [[-1.0833579 ]
 [-0.28490308]
 [-1.0558465 ]
 [-0.08025116]]
Biases: [-0.11761975]
