-17.080780172998292
-14.299843913921425
-13.607414642071205
-13.13170832615009
-12.584625798123877
-12.334363666497515
-12.112207791009533
-11.986040812674869
-11.77510132587221
-11.578703579284454
-11.360237448858815
-11.084719741760765
-10.878585139352973
-10.522547682590496
-10.35858729538568
-9.990095345790541
-9.599407874162226
-9.198434386056107
-8.711852335803234
-8.114831868519712
-7.513471184763005
-6.885245616843097
-6.17255961278887
-5.484965214818286
-4.761008259813217
-4.19355592180056
-3.67714011890508
-3.185637835141238
-2.5081402662081436
-1.9886391387591926
-1.5577342097227247
-1.2930449553745902
-0.834147981894278
-0.6158904407102003
-0.34949729542164204
-0.05647463222412221
-0.1825934012458016
-0.19468731400742473
7.460698725481052e-14
7.460698725481052e-14
7.460698725481052e-14
7.460698725481052e-14
7.460698725481052e-14
7.460698725481052e-14
7.460698725481052e-14
7.460698725481052e-14
7.460698725481052e-14
7.460698725481052e-14
7.460698725481052e-14
7.460698725481052e-14
7.460698725481052e-14
7.460698725481052e-14
7.460698725481052e-14
7.460698725481052e-14
7.460698725481052e-14
7.460698725481052e-14
7.460698725481052e-14
7.460698725481052e-14
7.460698725481052e-14
7.460698725481052e-14
7.460698725481052e-14
7.460698725481052e-14
7.460698725481052e-14
7.460698725481052e-14
7.460698725481052e-14
7.460698725481052e-14
7.460698725481052e-14
7.460698725481052e-14
7.460698725481052e-14
7.460698725481052e-14
7.460698725481052e-14
7.460698725481052e-14
7.460698725481052e-14
7.460698725481052e-14
7.460698725481052e-14
7.460698725481052e-14
7.460698725481052e-14
7.460698725481052e-14
7.460698725481052e-14
7.460698725481052e-14
7.460698725481052e-14
7.460698725481052e-14
7.460698725481052e-14
7.460698725481052e-14
7.460698725481052e-14
7.460698725481052e-14
7.460698725481052e-14
7.460698725481052e-14
7.460698725481052e-14
7.460698725481052e-14
7.460698725481052e-14
7.460698725481052e-14
7.460698725481052e-14
