-55.77
-39.73
-38.72
-49.97
-40.21
-40.07
-36.62
-37.71
-37.41
-37.46
-37.01
-36.16
-46.57
-41.6
-41.1
-38.26
-37.94
-36.74
-38.11
-36.9
-35.31
-36.77
-35.94
-35.75
-35.68
-35.57
-34.9
-34.94
-36.29
-35.51
-34.68
-35.09
-33.88
-34.78
-33.87
-35.39
-34.36
-33.39
-33.92
-33.21
-33.2
-34.0
-32.53
-33.28
-32.61
-32.32
-33.57
-32.9
-32.58
-32.33
-32.67
-31.88
-32.82
-32.03
-32.49
-32.11
-32.98
-31.96
-31.93
-31.55
-32.95
-33.39
-30.85
-31.99
-32.61
-31.27
-31.1
-31.36
-31.27
-32.25
-31.95
-32.52
-30.52
-32.59
-31.81
-31.54
-31.83
-30.72
-30.97
-31.02
-32.23
-31.89
-30.41
-31.38
-31.04
-30.51
-31.21
-30.16
-31.47
-30.67
-30.6
-31.67
-30.37
-31.7
-32.05
-31.03
-31.02
-30.39
-30.71
-30.39
-30.45
-31.34
-30.64
-31.05
-30.13
-31.28
-30.44
-31.03
-30.05
-30.55
-31.58
-31.23
-30.86
-32.44
-30.97
-30.94
-30.34
-31.08
-30.25
-30.81
-30.62
-30.52
-30.76
-30.2
-31.59
-30.95
-29.75
-30.63
-30.64
-30.85
-30.5
-30.11
-30.3
-30.61
-31.16
-30.85
-31.09
-32.23
-29.97
-30.74
-30.67
-30.4
-30.64
-30.98
-30.73
-31.03
-29.66
-31.25
-31.12
-29.46
-29.81
-43.95
-40.63
-38.16
-37.04
-37.82
-37.06
-37.61
-38.25
-36.08
-37.15
-36.65
-36.18
-36.28
-36.7
-36.1
-34.38
-35.76
-35.32
-35.88
-34.89
-34.49
-38.43
-35.47
-35.02
-35.19
-34.85
-34.05
-33.89
-33.35
-33.85
-34.37
-33.5
-34.2
-33.39
-33.51
-33.45
-34.14
-33.21
-34.21
-33.01
-33.31
-32.3
-32.33
-33.14
-32.58
-32.85
-32.3
-32.57
-31.51
-32.63
-31.73
-32.14
-32.7
-32.08
-31.44
-31.83
-32.12
-32.62
-31.8
-32.31
-32.47
-31.28
-31.84
-32.23
-30.6
-31.44
-31.84
-32.26
-31.56
-31.75
-31.52
-32.23
-31.3
-32.18
-31.32
-31.89
-31.04
-31.4
-31.99
-32.31
-30.99
-32.05
-31.28
-32.32
-31.53
-30.9
-30.69
-32.06
-31.37
-31.36
-32.83
-31.84
-31.95
-29.98
-30.89
-31.19
-30.72
-31.19
-30.45
-30.78
-30.42
-31.06
-31.08
-31.35
-31.41
-31.56
-32.24
-31.55
-30.42
-31.98
-30.71
-31.25
-29.37
-30.47
-31.04
-31.91
-30.31
-31.03
-30.75
-29.82
-30.21
-31.13
-31.17
-30.63
-30.99
-31.06
-30.5
-30.38
-43.75
