-51.77777777777778
-34.046875
-32.3125
-46.63934426229508
-35.28333333333333
-32.921875
-31.046875
-30.26984126984127
-29.765625
-29.953846153846154
-29.215384615384615
-28.34375
-43.21666666666667
-35.81666666666667
-33.8125
-32.234375
-30.75
-29.765625
-29.34375
-29.3125
-29.338461538461537
-28.650793650793652
-28.19047619047619
-27.83606557377049
-27.936507936507937
-27.71875
-27.453125
-27.546875
-27.93846153846154
-27.328125
-26.609375
-26.796875
-26.15625
-26.0625
-25.546875
-25.453125
-25.09375
-24.46875
-24.390625
-24.109375
-23.9375
-23.9375
-23.9375
-23.734375
-23.265625
-22.616666666666667
-23.0
-22.828125
-22.5625
-22.390625
-22.265625
-22.421875
-22.1875
-22.203125
-22.25
-21.96875
-21.921875
-22.046875
-21.828125
-21.984375
-21.828125
-22.078125
-21.671875
-21.40625
-22.109375
-21.265625
-21.234375
-21.390625
-21.109375
-21.71875
-21.234375
-20.984375
-20.828125
-20.951612903225808
-21.046875
-21.28125
-20.703125
-20.765625
-20.375
-20.890625
-20.828125
-20.609375
-20.578125
-20.578125
-20.40625
-20.1875
-20.140625
-20.140625
-20.59375
-20.34375
-20.15625
-20.0
-19.859375
-20.671875
-20.661538461538463
-20.046875
-20.015625
-19.875
-19.8125
-19.8125
-19.8125
-19.8125
-19.8125
-20.546875
-20.1875
-19.96875
-19.96875
-19.828125
-19.75
-19.734375
-20.34375
-20.171875
-20.140625
-20.390625
-19.71875
-19.59375
-19.59375
-19.53125
-19.53125
-19.484375
-19.484375
-19.38095238095238
-19.359375
-19.359375
-20.03125
-19.765625
-19.40625
-19.40625
-19.28125
-19.28125
-19.28125
-19.28125
-19.28125
-19.25
-19.5
-19.828125
-19.328125
-20.53846153846154
-19.421875
-19.328125
-19.328125
-19.328125
-19.234375
-19.080645161290324
-19.140625
-19.046875
-19.015625
-19.015625
-19.453125
-18.84375
-18.828125
-39.2
-34.453125
-32.25
-31.924242424242426
-30.703125
-29.953125
-29.59375
-29.140625
-28.6984126984127
-28.34375
-28.666666666666668
-28.078125
-27.9375
-28.046875
-27.453125
-27.6875
-27.453125
-27.375
-27.625
-27.0
-26.890625
-27.515625
-26.390625
-26.21875
-26.109375
-25.84375
-25.53125
-25.3125
-24.766666666666666
-24.96875
-24.78125
-24.609375
-24.515625
-24.1875
-24.25
-24.015625
-24.140625
-22.919354838709676
-23.140625
-22.828125
-22.828125
-22.828125
-22.46875
-22.365079365079364
-22.26984126984127
-22.328125
-22.328125
-22.328125
-22.265625
-22.28125
-21.953125
-21.921875
-22.125
-22.0
-21.921875
-21.796875
-21.703125
-22.296875
-21.8125
-21.8125
-22.0625
-21.640625
-21.166666666666668
-21.4375
-21.1875
-21.1875
-21.703125
-21.421875
-21.203125
-21.1875
-21.0625
-21.0625
-21.0625
-21.109375
-21.234375
-20.71875
-20.71875
-20.71875
-20.59375
-21.095238095238095
-20.444444444444443
-20.5
-20.5
-20.5
-20.4375
-20.4375
-20.28125
-20.28125
-20.28125
-20.453125
-20.453125
-20.28125
-20.15625
-20.15625
-20.109375
-20.078125
-19.96875
-19.90625
-19.90625
-19.90625
-19.90625
-19.90625
-19.90625
-19.90625
-19.90625
-20.603174603174605
-20.1875
-19.921875
-19.84375
-19.84375
-19.828125
-19.828125
-19.828125
-19.828125
-19.828125
-19.828125
-19.828125
-19.828125
-19.828125
-19.828125
-19.828125
-20.328125
-19.9375
-19.9375
-19.9375
-19.921875
-19.796875
-19.796875
-37.8
