Layer: dense
Weights: [[-0.00495785 -0.10604689  0.14725152 ...  0.07413826  0.08682682
  -0.15843418]
 [-0.02880391 -0.113151    0.01412067 ... -0.05429799  0.04546424
  -0.09409468]
 [-0.06102087  0.12556224  0.06102486 ...  0.03385943 -0.09295362
   0.00137513]
 ...
 [ 0.0437429  -0.02117878  0.11509651 ... -0.03682292 -0.13501386
  -0.00701022]
 [ 0.11456484 -0.12314254 -0.13833459 ...  0.00572371 -0.01122807
  -0.14948033]
 [ 0.02647249  0.11508676 -0.06842534 ... -0.06489516 -0.13202561
  -0.15267628]]
Biases: [ 1.4657507e-10  3.0489180e-05  0.0000000e+00  6.4873113e-03
  4.8848749e-05 -7.0513890e-04 -1.0005899e-04 -3.4428595e-08
  0.0000000e+00  2.0113679e-02  6.2776398e-04  8.6846044e-03
 -2.6750537e-03 -1.3960196e-03  1.5370767e-02 -8.8709779e-03
 -2.0054176e-03 -7.1123097e-05 -2.4934812e-04 -5.1669898e-03
 -1.7676639e-03 -5.6449918e-04  3.5046134e-04 -6.1739283e-03
  4.6379646e-05 -1.3018317e-03  1.0704364e-02  9.7207464e-03
 -2.5269902e-08  8.1333080e-03  1.9446026e-05  4.0706769e-03
 -3.1790812e-05 -5.4211491e-03  2.5724317e-04  3.1445397e-03
  8.1454664e-03 -6.7739924e-03  1.5114576e-03  0.0000000e+00
  3.8034940e-04  1.9192251e-03  2.9476900e-05 -6.0236425e-04
  6.6129556e-03  1.1301219e-08  8.1077274e-03 -4.6044053e-03
 -3.9113602e-03  8.4389761e-08 -7.7171614e-03  9.8981671e-03
 -3.5979142e-04  1.8398916e-04  0.0000000e+00  2.4360802e-02
  1.2571372e-02  9.7035402e-03 -3.3393095e-05 -8.4864371e-04
 -1.6664127e-03 -3.8708905e-03 -6.6876656e-04  1.0066696e-02
  4.1446535e-04  4.9636196e-08  6.6971984e-03  0.0000000e+00
  1.2566104e-02 -1.6992188e-03 -4.5205853e-03 -4.6305698e-03
 -4.9805187e-04  2.5284251e-02 -3.8414064e-03 -2.3461969e-04
 -1.2084952e-04 -2.4022964e-07 -5.6553897e-03  9.1524970e-07
  4.9706304e-04  0.0000000e+00  1.4801329e-02  0.0000000e+00
 -8.3103150e-05  3.0684657e-04  2.0713253e-02  1.5398508e-02
  2.3022930e-03  1.9816498e-07  5.4270620e-03  1.4815277e-02
  3.7711335e-03  1.7049355e-02  5.1057700e-04  9.6114403e-05
 -2.3523491e-04  8.4268198e-05  1.3890364e-02 -3.2271814e-04
  4.5890003e-03  5.5034739e-05  2.2065071e-02  7.9660857e-04
 -1.3432913e-03 -3.5542852e-04 -3.0477301e-03  7.8207586e-04
  1.5249487e-02 -5.5323255e-07 -6.1602164e-03  1.2701662e-02
 -1.2018288e-06  1.8201084e-03  5.3904629e-03 -1.3415148e-03
 -2.3079420e-04  2.3044413e-03  8.0141888e-08 -2.4907827e-06
  6.1355118e-04  9.9860448e-03 -3.7080914e-04  0.0000000e+00
  9.3201548e-03  2.3061471e-02 -3.2340322e-06 -6.6201277e-03]
Layer: dense_1
Weights: [[-0.10676871  0.04779498 -0.09947465 ... -0.01121654 -0.05418193
   0.09748347]
 [ 0.07774399  0.05559878  0.15521567 ... -0.0207421  -0.02779504
   0.12291174]
 [-0.01341096 -0.1385243  -0.05497377 ...  0.05757381  0.04063559
  -0.03383878]
 ...
 [-0.02393116  0.00464271 -0.02192521 ... -0.13228086  0.04397098
  -0.09542827]
 [ 0.02679892 -0.11977147 -0.07167526 ...  0.03554686  0.13960576
  -0.01173927]
 [-0.16654311 -0.11975699 -0.14143884 ...  0.0932195   0.10662555
  -0.0314946 ]]
Biases: [-4.30440297e-03  1.97945498e-02  0.00000000e+00 -1.41782649e-02
  5.65307075e-03 -8.84834153e-04 -1.11082057e-03 -1.50667169e-04
  0.00000000e+00  1.13719637e-02  2.32934225e-02 -2.45789718e-03
 -3.20020784e-03  1.53395697e-04  9.83872917e-03  1.38422567e-02
 -1.40920766e-02  2.38338951e-02 -2.02807150e-05  3.02001461e-02
 -4.23644111e-03  6.65981077e-07  1.53029924e-02  2.80187262e-04
 -8.13363492e-03  9.41829197e-03 -4.96658431e-05  7.93764181e-03
 -5.96231408e-03  0.00000000e+00  0.00000000e+00  2.99576297e-02
  7.61948701e-04  8.20575864e-04  0.00000000e+00  1.32340817e-02
  0.00000000e+00  2.47081189e-04  7.49741957e-07  8.61930239e-05
 -6.85594205e-05 -7.53810909e-03 -3.34041368e-04  0.00000000e+00
 -3.05158133e-03 -8.37824773e-04  0.00000000e+00  0.00000000e+00
  1.01302145e-02  0.00000000e+00  1.05965640e-07  1.81916393e-02
 -5.85123644e-07 -1.66315454e-04  0.00000000e+00  1.17906451e-03
 -2.41051824e-03  0.00000000e+00  4.83820494e-03 -1.48462959e-06
  2.09396146e-02 -1.68629293e-03  2.68168040e-02  6.10959250e-04]
Layer: dense_2
Weights: [[-9.44019035e-02 -1.40254647e-01 -1.94232672e-01 -9.24363434e-02]
 [ 2.60889381e-01 -1.75086260e-01  1.28570095e-01  1.72867119e-01]
 [-2.82766223e-01  2.31969237e-01  5.44773340e-02  1.08578026e-01]
 [-4.96918298e-02 -2.71858424e-01 -4.46990579e-02 -2.54192740e-01]
 [ 8.49546418e-02  7.29400963e-02  1.64048746e-01 -1.37546554e-01]
 [-7.50214234e-02 -8.45479444e-02 -2.04371676e-01 -1.60920441e-01]
 [-9.59436446e-02  4.56629284e-02 -1.95191484e-02 -1.17646828e-02]
 [ 9.35557857e-02 -2.64659315e-01  1.72840711e-02 -1.47105038e-01]
 [ 1.43939525e-01 -1.50834724e-01 -1.09801680e-01  6.62792027e-02]
 [ 1.61465719e-01 -5.72476313e-02  2.20759183e-01  4.32000645e-02]
 [ 1.45349145e-01  2.86954820e-01  3.00056130e-01  2.14760229e-01]
 [-2.41656333e-01 -1.41441330e-01 -1.05783820e-01 -1.12770103e-01]
 [-9.85389501e-02  5.16789667e-02 -2.16209769e-01  1.53037980e-01]
 [ 9.60939825e-02 -1.43990386e-02  1.38056621e-01  9.32407156e-02]
 [ 7.44398534e-02  1.75925806e-01  3.35928649e-01 -2.22467557e-01]
 [ 3.31986070e-01 -1.52330711e-01  1.31679595e-01 -1.08522274e-01]
 [-7.43786767e-02 -3.31765879e-03 -4.48227488e-02 -7.66829178e-02]
 [ 2.28425428e-01 -2.32219651e-01  3.38233292e-01  5.88866733e-02]
 [-2.87121654e-01  1.74626902e-01 -2.45710481e-02 -7.71551207e-02]
 [ 2.33295202e-01 -1.81970775e-01  2.98837692e-01  2.71360338e-01]
 [ 4.68652211e-02  1.46012167e-02 -1.85387105e-01 -1.80451646e-01]
 [-6.72784299e-02 -8.09610039e-02  1.67613208e-01  4.88769300e-02]
 [ 6.01253361e-02 -7.23200217e-02  9.77608934e-02  3.03612888e-01]
 [-6.84849918e-02  2.69597769e-01  1.09748431e-01 -1.13983065e-01]
 [ 1.68621376e-01  1.11755125e-01 -2.11293146e-01  3.26343887e-02]
 [ 2.67530471e-01  2.42458820e-01  4.45006788e-02  1.60117028e-03]
 [-2.81409979e-01 -2.79555708e-01  1.10526858e-02  1.48112431e-01]
 [ 6.64891675e-02 -2.56662234e-03 -4.36803773e-02  2.75708795e-01]
 [-9.89571214e-02 -2.55936831e-01 -2.42203951e-01 -2.67544359e-01]
 [ 2.57382751e-01 -1.08232573e-01 -2.19681039e-01 -1.54987231e-01]
 [ 2.32679844e-02  2.64558375e-01  1.52535707e-01 -1.22331440e-01]
 [ 2.43237659e-01 -2.02693909e-01  3.72275919e-01  2.42839381e-01]
 [-2.25327596e-01  2.85280168e-01  1.65557772e-01  1.20169088e-01]
 [ 1.20922346e-02 -1.38277858e-01  1.79934315e-02  1.63270161e-02]
 [-2.39167407e-01  6.59525394e-03  9.99035239e-02 -7.80818611e-02]
 [ 5.78479879e-02  6.62690923e-02  1.40469223e-01  1.75508827e-01]
 [ 6.05605543e-02  9.28916335e-02  1.91773236e-01  2.70275712e-01]
 [ 1.20966062e-01  1.73954025e-01 -7.51952827e-02  5.02742734e-03]
 [ 1.01054654e-01  2.96821594e-02 -2.05179751e-01  2.23590598e-01]
 [ 2.67288387e-01 -5.86268567e-02 -1.67190284e-01  1.12998627e-01]
 [-2.80687362e-01  2.50954241e-01  3.69772986e-02 -2.57611692e-01]
 [-1.30752251e-02 -2.27017537e-01 -2.68249303e-01 -2.52570450e-01]
 [ 4.88776863e-02 -1.35332674e-01  2.71574914e-01 -2.66565114e-01]
 [-1.92728043e-01  2.62974143e-01 -1.58578992e-01  2.03645468e-01]
 [-1.18034430e-01 -1.98712066e-01 -4.57012691e-02 -2.67972469e-01]
 [ 2.09450796e-01  3.64612974e-02  1.76136523e-01 -2.43543498e-02]
 [-1.86473489e-01 -1.00209489e-01 -2.52378821e-01  7.78909326e-02]
 [ 2.08902061e-01  2.31839240e-01  2.19924331e-01  1.96665525e-04]
 [ 2.39647646e-02  2.47534335e-01  3.16345185e-01 -5.34820557e-02]
 [ 2.39997268e-01 -1.28800362e-01  1.25560671e-01  2.92559803e-01]
 [ 8.97323042e-02  3.26043665e-02 -8.09461549e-02  1.75703615e-01]
 [ 4.02821869e-01  2.24331990e-01  6.82988465e-02  1.78694800e-01]
 [-4.65262644e-02 -1.87852442e-01 -2.56955564e-01 -9.01576579e-02]
 [-1.23141021e-01 -2.47591048e-01 -2.24087507e-01  2.81769007e-01]
 [-2.24784106e-01  1.99567676e-02 -2.61991262e-01 -1.93936527e-02]
 [ 1.50245205e-01  1.76507249e-01  1.49995878e-01  1.45732582e-01]
 [-2.96175450e-01 -1.27050787e-01 -1.72230124e-01  2.87609249e-01]
 [-1.37220055e-01  2.47399271e-01  2.12726891e-02  1.27997756e-01]
 [-2.65742272e-01 -2.92257160e-01  3.67825091e-01  9.46571212e-03]
 [ 3.19320075e-02  1.57978624e-01 -1.44378513e-01 -1.09869853e-01]
 [ 2.07612261e-01 -1.97502539e-01  6.61003143e-02  2.76438862e-01]
 [-1.94000572e-01  2.01370731e-01 -4.98480201e-02 -1.25414506e-01]
 [ 2.52712429e-01  5.00627458e-02  3.14462423e-01  1.69536412e-01]
 [ 2.79328525e-01 -1.24357566e-01 -1.63311079e-01 -6.03299998e-02]]
Biases: [ 0.047035   -0.00023436  0.05378362  0.04243892]
Layer: dense_3
Weights: [[ 7.81121373e-01  1.99806541e-01  2.61028826e-01  1.26150697e-01
  -8.15490186e-02 -1.89187393e-01  6.35189340e-02  3.13402712e-02
  -6.90524504e-02  1.71576902e-01 -6.61195144e-02 -5.19287260e-03
  -2.26237625e-01 -6.79617152e-02  1.03019483e-01 -1.08148172e-01
   1.42287433e-01 -2.52110690e-01 -2.59403795e-01  2.24449649e-01
  -2.39560053e-01 -8.26860517e-02  8.74929130e-03  2.37566203e-01
  -2.64899850e-01 -2.47360587e-01  1.44628957e-01 -1.99375197e-01
   1.82645172e-01 -1.38605505e-01  2.14010313e-01  1.33020952e-01
  -1.08327068e-01  1.37603417e-01  1.14259105e-02  8.13041776e-02
   3.91889066e-02 -6.54358463e-03  6.13222793e-02 -1.85082927e-02
   7.50983357e-02 -2.03591034e-01  2.43491694e-01 -1.86598882e-01
  -2.07231537e-01 -6.03842502e-03  2.84990557e-02  2.18578875e-02
   1.01377942e-01 -5.30650578e-02 -1.02972515e-01 -6.46602064e-02
   2.12739304e-01 -1.09967992e-01  8.96387249e-02  2.67268228e-03
   4.00205515e-03 -2.75421053e-01 -3.11134141e-02  1.52728900e-01
  -3.37991193e-02 -2.68458188e-01  7.08332434e-02 -9.61544141e-02
  -1.93009973e-01 -1.20823840e-02  7.67050162e-02  6.79511353e-02
  -5.61975949e-02  3.04026101e-02  6.19415566e-02 -2.03405634e-01
  -2.08070993e-01  1.25152199e-02 -1.52091617e-02  1.43253952e-01
   7.28880316e-02  4.09808308e-02]
 [ 5.68991564e-02 -2.57139474e-01 -1.56904548e-01  2.62727022e-01
  -7.99648762e-02  1.83468804e-01 -5.74442632e-02  2.51011968e-01
  -1.97201774e-01  1.26934305e-01  1.93692192e-01  7.94547498e-02
   1.26601860e-01 -3.75457630e-02  2.57291317e-01 -1.79989725e-01
   1.15228236e-01  2.25788616e-02  1.92973614e-01 -4.18380760e-02
  -1.10163905e-01  6.55550733e-02  7.72540569e-02  4.11459841e-02
   1.36257380e-01  2.56778538e-01  1.23354606e-01 -5.71589656e-02
   1.43241167e-01 -2.14168221e-01 -1.84691802e-01  2.18335062e-01
  -2.02648178e-01  6.48874836e-03  6.43183216e-02 -2.65251081e-02
  -1.61326662e-01  6.67926446e-02 -2.53034532e-01  2.53016114e-01
   2.50227332e-01 -9.26001966e-02  1.75364226e-01 -2.65799258e-02
   9.16528106e-02  2.08723202e-01 -1.83670130e-02 -2.57435501e-01
  -1.76574960e-01 -2.00378165e-01 -1.28472894e-01  2.53881693e-01
   1.74670354e-01 -2.00798839e-01 -1.30610570e-01 -2.12117389e-01
  -2.01954126e-01 -1.69332132e-01 -8.45311582e-02  1.28577426e-01
   7.26481825e-02 -9.89990085e-02 -5.16582169e-02  2.07234412e-01
   2.18516484e-01 -1.60253942e-01 -5.20406365e-02  1.36960953e-01
  -5.58098406e-02 -1.20282494e-01  1.37167364e-01  3.49238627e-02
   2.09626302e-01 -1.27540380e-01  3.30973975e-02  1.47425056e-01
  -1.29592791e-01 -5.39958254e-02]
 [ 3.84082556e-01  7.23394692e-01 -2.71576732e-01 -5.75708710e-02
   2.14419980e-02  2.36147106e-01 -1.03353336e-01 -2.29419339e-02
  -1.95137888e-01 -9.50831398e-02 -2.28655025e-01 -1.44043669e-01
   1.26879171e-01  3.59564926e-03  2.07470119e-01  1.55643299e-01
  -9.50268432e-02 -7.46809877e-03  2.36925736e-01 -2.49390006e-01
   2.80219391e-02 -1.55406505e-01  7.26527944e-02  8.75878483e-02
  -2.10087135e-01 -1.37357309e-01 -2.53065199e-01  1.35223032e-04
  -4.56812121e-02  2.35065907e-01  5.23162000e-02  2.84730643e-02
  -3.17004888e-04 -1.67992458e-01  2.59054273e-01 -1.70695916e-01
   6.90753907e-02 -1.61178544e-01 -1.49086062e-02 -2.50712812e-01
  -2.68298477e-01  4.58746180e-02 -2.63541579e-01  1.23770796e-01
   1.52591005e-01  2.00072229e-01 -8.98928493e-02 -2.82677226e-02
  -1.14742450e-01  2.12484241e-01 -2.34873742e-02 -2.53605753e-01
   1.47568464e-01  3.80347520e-02 -2.00691625e-01  1.57863274e-01
   1.94797710e-01  1.71920434e-01 -1.92387179e-01  8.81357044e-02
  -6.90641552e-02  1.75866798e-01 -3.77241522e-02  1.24863468e-01
   4.82704118e-02  2.21027806e-01  8.35258141e-02  8.79136920e-02
   1.93611845e-01  1.89852834e-01 -2.19121799e-01  2.26394445e-01
   2.34775171e-01  1.89685747e-01 -2.02298999e-01  1.57011405e-01
  -9.22835544e-02 -1.23743832e-01]
 [ 3.86297345e-01  4.67185110e-01 -1.50227904e-01  3.09663336e-03
   1.73395097e-01  7.40621686e-02 -2.53707588e-01  1.84965625e-01
   1.92647696e-01 -1.69284940e-02  1.47643954e-01  2.31512651e-01
   8.63893926e-02  1.58257335e-01 -3.02439872e-02  3.92026976e-02
  -8.43926370e-02  2.16288477e-01 -1.26498044e-01 -1.11393377e-01
  -1.39652923e-01  4.36651744e-02  3.89354154e-02 -2.38105223e-01
  -1.48677677e-02  1.20618924e-01  1.05550565e-01  1.26976848e-01
  -2.42592648e-01  1.68518409e-01  3.08557469e-02  1.33886725e-01
   1.15562938e-01  1.56918645e-01 -2.45266512e-01  4.58891131e-03
   4.94059995e-02 -1.05798073e-01  8.71774182e-02 -7.88449645e-02
   2.66044885e-01 -2.31856219e-02 -2.23515987e-01  1.66628107e-01
   2.21101493e-01  1.57590717e-01 -1.63084447e-01 -1.67262927e-02
  -1.35895401e-01  1.00873232e-01 -2.92470418e-02 -1.60637468e-01
  -1.25000045e-01 -2.42910072e-01 -2.50295252e-01  1.45329446e-01
  -1.06268145e-01  9.25072432e-02 -1.58343568e-01  2.16332753e-03
   1.52468011e-01  3.36912610e-02  7.08511248e-02 -1.95938274e-01
  -1.06779978e-01 -1.37195736e-01  7.23456517e-02 -5.03816381e-02
   2.22931370e-01  7.18951002e-02 -8.79768282e-03  9.95389000e-02
  -2.38310531e-01 -5.82812820e-03  5.36703330e-04  2.90506214e-05
   1.80345953e-01  4.18196730e-02]]
Biases: [ 0.16774473  0.10532954 -0.00322933 -0.00384705 -0.0029631  -0.00297287
 -0.00234276 -0.00407323 -0.00211816 -0.00398003 -0.00197937 -0.00285296
 -0.00211187 -0.00290818 -0.00841367 -0.00303497 -0.00333182 -0.00181313
 -0.00188809 -0.00314252 -0.00155063 -0.00194418 -0.00374024 -0.00566859
 -0.00130753 -0.00149061 -0.00310754 -0.00192976 -0.00344171 -0.00459953
 -0.00930891 -0.00718893 -0.00241512 -0.00388483 -0.00378887 -0.00271352
 -0.0042301  -0.00207171 -0.00390625 -0.00188307 -0.00296357 -0.00181004
 -0.00295563 -0.00262444 -0.0028854  -0.00849652 -0.00233699 -0.00286822
 -0.00274453 -0.00539107 -0.00207102 -0.0016758  -0.00842824 -0.00191001
 -0.002237   -0.00666558 -0.00394279 -0.00201018 -0.00186734 -0.00693358
 -0.00275054 -0.00194445 -0.00369972 -0.00225752 -0.00176081 -0.00378625
 -0.00557473 -0.00412879 -0.00774357 -0.00718154 -0.00239369 -0.00287515
 -0.00194578 -0.00503922 -0.00207235 -0.00924806 -0.00389197 -0.00272432]
