-16.04987093365212
-13.759886728856046
-12.913034668751337
-12.472385193933016
-11.815053247674369
-11.532433053008349
-11.062759825765976
-10.71836990518065
-9.8901825159486
-9.52208261688498
-8.96406789516
-8.625937949491298
-8.080175279782633
-7.656195275689714
-7.18582325601713
-6.8331439685701545
-6.330369151096132
-5.971636194757598
-5.808123057556291
-5.07555507035896
-4.800101777533122
-4.456358594579156
-3.981754115692386
-3.5469046581517483
-3.442179503852697
-3.080078045460614
-2.867236489672271
-2.496280514466251
-2.3475754016816537
-2.0041709020936342
-1.6857724311897244
-1.4789211885837534
-1.2678604044296835
