-45.67833598470836
-34.51892469746806
-32.53239454537011
-32.0864228228963
-31.23924444708999
-30.639004854514255
-30.176801586144656
-29.876536397024594
-29.400353551887626
-28.748130606855526
-28.42792384912208
-28.134249002620848
-27.924064790594112
-27.750730646498205
-27.532567659651654
-27.286789995879968
-27.182721309698074
-26.872006754816123
-27.166862935758928
-26.413398348529405
-26.37712439836367
-26.26995066154612
-26.342974333837645
-25.983379210676443
-25.92401354811087
-25.686901001343053
-25.61383391038978
-25.474182873225395
-25.456691566283048
-25.210980590011083
-25.043301374864583
-25.338323588408727
-25.122701310491045
-24.781169666659956
-24.844777880046536
-24.6750792169696
-24.660539622005167
-24.604403306903997
-24.437360761863594
-24.384737910241533
-24.37814742325975
-24.400065181745887
-24.332700283693548
-24.25098333086422
-24.22652461928505
-24.2110930325574
-24.23044179057624
-24.18589457667282
-24.155020260036
-24.15485319635325
-24.15540515048754
-24.139421609625607
-24.139421609625607
-24.1389642129607
-24.100565430740097
-24.100565430740097
-24.100565430740097
-24.26829757630634
-24.160421215066506
-24.110007160649605
-24.019101440567688
-24.013959128569667
-23.954211030766153
-23.954043967083404
-23.954043967083404
-23.948632540942647
-23.836664026176162
-23.986160773796346
-23.857450709122567
-23.73868762228411
-23.73868762228411
-23.758779010036008
-23.761150908058518
-24.07124466902727
-23.622702929982793
-23.593819564406374
-23.554520381923677
-23.557732609876222
-23.500349051363436
-23.331633290731723
-23.12801437721131
-23.3441355612579
-23.15216819521979
-23.091554527591448
-23.01855001081126
-23.01855001081126
-23.01855001081126
-23.298143488345943
-22.972490610624504
-22.94867777108835
-22.92728280408566
-22.90265702882374
-22.851116161681688
-22.95222478292004
-22.93365047793847
-22.93365047793847
-22.89721958310701
-22.86634526647019
-22.77285797332251
-22.714228706744898
-23.010595260287694
-22.78010132749294
-22.782888116395586
-22.72362201248602
-22.72362201248602
-22.65339631195728
-22.590099761634466
-22.547241644120295
-22.486171977925903
-22.422878631978207
-22.422878631978207
-22.862216483386963
-22.596621092502623
-22.460336569228854
-22.460336569228854
-22.460336569228854
-22.456386260000016
-22.427810175509258
-22.39432093583229
-22.35948900651662
-22.31796829996146
-22.297133940319608
-22.218955714102762
-22.499724336333863
-22.462248727099517
-22.17930762604089
-22.122367928364284
-22.08568718505102
-22.136996491686443
-22.05745182765498
-21.97107961333441
-21.933151492736595
-21.925409919670457
-21.917929701707976
-21.917929701707976
-21.905955823698683
-22.094287093162663
-22.01539988386773
-21.90765778366877
-21.90765778366877
-21.92210085692145
-21.8511835266643
-21.84403387288781
-21.78337098567147
-21.78337098567147
-21.78337098567147
-21.802825081643245
-21.732051517733076
-21.732051517733076
-21.72808102154699
-21.72808102154699
-21.6828275654724
-21.6828275654724
-21.6828275654724
-21.6828275654724
-21.6828275654724
-21.6828275654724
-22.018545814848324
-21.77600248324847
-21.756197207022353
-21.745538760762294
-21.70651551819404
-21.68949145220764
-21.580470524193636
-21.580470524193636
-21.569208436179974
-21.569208436179974
-21.55823818329298
-21.55823818329298
-21.55823818329298
-21.55823818329298
-21.55823818329298
-21.55823818329298
-21.705014842983037
-21.724474104175556
-21.62908084212576
-21.570534732288465
-21.465497129630652
-21.465497129630652
-21.461644450438257
-21.399265393891355
-21.785927010500025
-21.58283276300016
-21.568269815628234
-21.564319506399396
-21.539960039165624
-21.316747579281927
-21.269451209859188
-21.269451209859188
-21.173204376163213
-21.173204376163213
-21.213863927490134
-21.176070411716193
-21.160987724592022
-21.160987724592022
-21.160987724592022
-21.160987724592022
-21.160987724592022
-21.160987724592022
-21.160987724592022
-21.147901106203495
-21.147901106203495
-21.147901106203495
-21.147901106203495
-21.147901106203495
-21.007737480071988
-21.328689849448825
-21.30010301957789
-21.251304282595264
-21.16844429775769
-21.16844429775769
-21.16844429775769
-21.069443530330574
-21.0502021815511
-21.03499453785873
-21.03499453785873
-21.03499453785873
-21.03499453785873
-21.03499453785873
-21.005125535952406
-20.92828667539731
-20.869173368452884
-20.829378136353597
-20.829378136353597
-20.829378136353597
-20.829378136353597
-20.757968011197416
-20.757968011197416
-21.142678155310616
-21.104813864447006
-20.854064061303532
-20.73196404000043
-20.81036273468589
-20.706796124910205
-20.698851195424826
-20.698851195424826
-20.698851195424826
-20.698851195424826
-20.675426603266967
-20.675426603266967
-20.663738993509178
-20.663738993509178
-20.663738993509178
-20.684172593545853
-20.684172593545853
-20.634507490547968
-20.634507490547968
-20.634507490547968
-20.61940236827185
-20.61940236827185
-20.61940236827185
-20.61940236827185
-20.61940236827185
-20.569322117904434
-20.56784194533626
-20.501330828650964
-20.501330828650964
-20.501330828650964
-20.72013511507851
-20.630917523876377
-20.630917523876377
-20.624209386845155
-20.607185320858758
-20.61965543586271
-20.573690891944437
-20.51496029352859
-20.51496029352859
-20.502868598525602
-20.447540366007473
-20.40019139425516
-20.40019139425516
-20.40019139425516
-20.40019139425516
-20.40019139425516
-20.40019139425516
-20.40019139425516
-20.40019139425516
-20.40019139425516
-20.40019139425516
-20.40019139425516
-20.40019139425516
-20.40019139425516
-20.40019139425516
-20.300743148536142
-20.657074041136816
-20.42235256568363
-20.42235256568363
-20.380962791341844
-20.380962791341844
-20.339442084786683
-20.339442084786683
-20.327350389783696
-20.327350389783696
-20.327350389783696
-20.360795142528445
-20.360795142528445
-20.360795142528445
-20.360795142528445
-20.33132088596978
-20.33132088596978
-20.31214274609132
-20.31214274609132
-20.31214274609132
-20.31214274609132
-20.23258009204044
-20.23258009204044
-20.23258009204044
-20.200438763980497
-20.200438763980497
-20.200438763980497
-20.382794524076612
-20.26203929697497
-20.219065745177875
-20.219065745177875
-20.20737813542009
-20.20737813542009
-20.20737813542009
-20.25123266931367
-20.231810771761175
-20.231810771761175
-20.227860462532334
-20.188837219964082
-20.188837219964082
-20.188837219964082
-20.188837219964082
-20.162596709124056
-20.162596709124056
-20.162596709124056
-20.162596709124056
-20.162596709124056
-20.162596709124056
-20.162596709124056
-20.162596709124056
-20.297132355861294
-20.286687435632537
-20.137978938817568
-20.118737590038094
-20.071388618285777
-20.504906625974886
-20.21032995778873
-20.15656043285718
-20.138103950013196
-20.103887751907685
-20.103887751907685
-20.063938160881833
-20.063938160881833
-20.063938160881833
-20.063938160881833
-20.063938160881833
-20.063938160881833
-20.012618692943434
-20.012618692943434
-20.012618692943434
-20.012618692943434
-20.012618692943434
-20.012618692943434
-19.82404374825596
-19.82404374825596
-19.812520280823563
-19.809187009059933
-19.741129070752283
-19.741129070752283
-19.741129070752283
-20.169148761166483
-19.944216636407035
-19.877040322465273
-19.751922293281886
-19.77071245507301
-19.77071245507301
-19.76400431804179
-19.68495267905545
-19.68495267905545
-19.68495267905545
-19.68495267905545
-19.592676341545555
-19.592676341545555
-19.592676341545555
-19.592676341545555
-19.592676341545555
-19.565097761017462
-19.565097761017462
-19.565097761017462
-19.565097761017462
-19.565097761017462
-19.565097761017462
-19.565097761017462
-19.565097761017462
-19.565097761017462
-19.565097761017462
-19.565097761017462
-19.565097761017462
-19.565097761017462
-19.565097761017462
-19.565097761017462
-19.679298576770194
-19.6127874600849
-19.6127874600849
-19.6127874600849
-19.6127874600849
-19.6127874600849
-19.6127874600849
-19.6127874600849
-19.6127874600849
-19.6127874600849
-19.6127874600849
-19.611240553195856
-19.596843085889518
-19.596843085889518
-19.57679497919372
-19.57679497919372
-19.57679497919372
-19.484518641683827
-19.482500137796244
-19.482500137796244
-19.482500137796244
-19.482500137796244
-19.453247280441232
-19.453247280441232
-19.453247280441232
-19.453247280441232
-19.453247280441232
-19.687667469306504
-19.53697179355737
-19.39732306080424
-19.441474667711674
-19.224795912367917
-19.16529734760838
-19.16529734760838
-19.561024986766018
-19.54238491655204
-19.349143356901234
-19.23799837068564
-19.16652828150002
-19.11995111616441
-19.11239737714272
-19.11239737714272
-19.11239737714272
-19.11239737714272
-19.100709767384934
-19.100709767384934
-19.100709767384934
-19.100709767384934
-19.100709767384934
-19.100709767384934
-19.05336079563262
-19.05249082881528
-19.05249082881528
-19.05249082881528
-19.05249082881528
-19.05249082881528
-19.05249082881528
-19.05249082881528
-19.05249082881528
-19.05002752386899
-19.05002752386899
-18.992992264055736
-18.992992264055736
-18.992992264055736
-18.992992264055736
-18.992992264055736
-18.992992264055736
-18.992992264055736
-18.992992264055736
-18.992992264055736
-18.992992264055736
-18.992992264055736
-18.992992264055736
-18.992992264055736
-18.992992264055736
-19.257836268438695
-19.0989264490897
-19.086834754086713
-19.04765958348088
-19.0629514946144
-19.0629514946144
-18.99171001480621
-18.99171001480621
-18.99171001480621
-18.99171001480621
-18.99171001480621
-18.99171001480621
-18.99171001480621
-18.99171001480621
-18.932211450046665
-18.932211450046665
-18.927544166301463
-18.927544166301463
-18.927544166301463
-18.927544166301463
-18.927544166301463
-18.927544166301463
-18.927544166301463
-18.927544166301463
-18.927544166301463
-18.927544166301463
-18.927544166301463
-18.927544166301463
-18.927544166301463
-18.927544166301463
-18.927544166301463
