-153.578125
-113.8125
-102.75
-97.36666666666666
-93.78125
-92.65625
-92.15625
-90.0
-89.953125
-89.671875
-89.171875
-89.140625
-88.859375
-88.859375
-88.734375
-88.734375
-88.359375
-90.11111111111111
-89.25
-89.359375
-88.4375
-87.96825396825396
-87.953125
-87.953125
-87.921875
-87.921875
-87.765625
-87.765625
-87.765625
-87.765625
-87.765625
-87.765625
-87.765625
-87.46875
-87.46875
-87.46875
-87.46875
-87.765625
-87.515625
-87.515625
-87.515625
-87.515625
-87.515625
-87.515625
-87.515625
-87.515625
-87.515625
-87.515625
-87.515625
-87.515625
-87.515625
-87.515625
-87.515625
-87.515625
-87.515625
-87.515625
-87.015625
-87.015625
-87.015625
-87.015625
-87.015625
-87.015625
-87.015625
-87.015625
-87.015625
-87.015625
-87.015625
-89.765625
-89.109375
-88.4375
-88.375
-88.375
-88.375
-88.375
-87.71875
-87.5625
-87.5625
-87.5625
-87.328125
-87.328125
-87.328125
-87.328125
-87.328125
-87.171875
-87.171875
-87.171875
-87.171875
-87.171875
-87.171875
-87.171875
-87.171875
-87.171875
-87.171875
-87.171875
-87.171875
-87.171875
-87.171875
-86.828125
-86.828125
