2
[1 0 1 1 1 1 1 1 1 0 0 1 0 0 1 1 0 1 0 1 1 1 1 1 1 1 0 1 0 1 1 1 1 0 1 1 1
 1 1 0 1 1 1 1 0 1 1 1 0 1 1 0 1 1 0]
202
[1 1 0 1 1 1 1 1 0 1 1 0 1 1 1 1 1 1 1 0 0 1 1 1 1 0 1 0 0 0 0 1 0 1 0 1 1
 1 0 1 1 1 1 0 1 1 1 0 1 1 1 1 1 1 1]
402
[1 1 0 1 1 1 1 1 0 1 1 0 1 1 1 1 1 1 1 0 0 1 1 1 1 0 1 0 0 0 0 1 0 1 0 1 1
 1 0 1 1 1 1 0 1 1 1 0 1 1 1 1 1 1 1]
602
[1 1 0 1 1 1 1 1 0 1 1 0 1 1 1 1 1 1 1 0 0 1 1 1 1 0 1 0 0 0 0 1 0 1 0 1 1
 1 0 1 1 1 1 0 1 1 1 0 1 1 1 1 1 1 1]
802
[1 1 0 1 1 1 1 1 0 1 1 0 1 1 1 1 1 1 1 0 0 1 1 1 1 0 1 0 0 0 0 1 0 1 0 1 1
 1 0 1 1 1 1 0 1 1 1 0 1 1 1 1 1 1 1]
1002
[1 1 0 1 1 1 1 1 0 1 1 0 1 1 1 1 1 1 1 0 0 1 1 1 1 0 1 0 0 0 0 1 0 1 0 1 1
 1 0 1 1 1 1 0 1 1 1 0 1 1 1 1 1 1 1]
1202
[1 1 0 1 1 1 1 1 0 1 1 0 1 1 1 1 1 1 1 0 0 1 1 1 1 0 1 0 0 0 0 1 0 1 0 1 1
 1 0 1 1 1 1 0 1 1 1 0 1 1 1 1 1 1 1]
1402
[1 1 0 1 1 1 1 1 0 1 1 0 1 1 1 1 1 1 1 0 0 1 1 1 1 0 1 0 0 0 0 1 0 1 0 1 1
 1 0 1 1 1 1 0 1 1 1 0 1 1 1 1 1 1 1]
1602
[1 1 0 1 1 1 1 1 0 1 1 0 1 1 1 1 1 1 1 0 0 1 1 1 1 0 1 0 0 0 0 1 0 1 0 1 1
 1 0 1 1 1 1 0 1 1 1 0 1 1 1 1 1 1 1]
1802
[1 1 0 1 1 1 1 1 0 1 1 0 1 1 1 1 1 1 1 0 0 1 1 1 1 0 1 0 0 0 0 1 0 1 0 1 1
 1 0 1 1 1 1 0 1 1 1 0 1 1 1 1 1 1 1]
