-162.33
-130.02
-123.25
-119.68
-116.57
-115.27
-118.07
-117.07
-119.81
-119.95
-122.62
-119.32
-121.62
-121.97
-123.02
-124.43
-120.18
-127.26
-125.28
-122.75
-124.87
-122.52
-122.8
-124.32
-125.33
-125.33
-124.65
-127.42
-126.19
-126.94
-126.56
-127.8
-125.68
-127.85
-123.74
-126.63
-129.48
-127.45
-125.21
-123.64
-126.26
-126.52
-128.24
-129.47
-125.11
-127.17
-127.24
-126.63
-125.75
-123.11
-125.64
-125.47
-131.41
-129.0
-125.15
-125.5
-126.54
-124.11
-127.08
-124.14
-127.8
-130.28
-126.5
-127.36
-125.94
-129.57
-128.67
-130.94
-128.15
-127.58
-129.45
-131.94
-129.73
-126.86
-132.61
-125.84
-125.93
-126.74
-126.36
-129.18
-127.47
-129.3
-126.05
-128.54
-130.32
-126.18
-128.87
-129.99
-128.23
-129.02
-130.02
-127.55
-129.05
-127.99
-127.91
-129.04
-126.86
-127.4
-128.69
