Layer: dense
Weights: [[-0.15146786  0.08171297 -0.15999652 ...  0.16311556 -0.15989088
  -0.02855541]
 [ 0.1795921  -0.10709424 -0.16593304 ... -0.14026915 -0.1747499
  -0.03309802]
 [-0.02486415 -0.08324548 -0.01764379 ... -0.12916821  0.09867877
  -0.13379036]
 ...
 [ 0.16640015  0.12995301 -0.09105748 ... -0.16441126 -0.12986198
   0.07296403]
 [ 0.06946159 -0.04449166 -0.00875408 ... -0.01654792  0.11568201
   0.01568078]
 [ 0.12589881  0.04027624  0.09586044 ... -0.14663702  0.08963302
   0.13845612]]
Biases: [-3.17158992e-03 -6.45688223e-03  8.00586417e-02  2.74972524e-02
 -5.72127174e-04  2.31896803e-01 -4.98991134e-03  4.86724712e-02
  1.40346527e-01 -7.35953683e-03 -1.14369029e-02  1.32107303e-01
  2.22031966e-01 -3.21327825e-03 -7.42491754e-03  9.21879113e-02
 -1.32661778e-02 -2.28837244e-02  8.31927955e-02  2.76847601e-01
  1.05302630e-03  9.53794345e-02  9.34684202e-02  1.01172954e-01
  2.42304921e-01  1.03539247e-02  5.23643941e-02 -1.84091255e-02
 -1.04706958e-02  3.53460312e-02 -9.84621886e-03  3.65982167e-02
  1.62448779e-01 -8.99931323e-03 -2.63812050e-04  2.10132465e-01
  1.22682199e-01  2.80917063e-02  2.26925567e-01  8.29500630e-02
  8.82012993e-02 -8.61478155e-04  1.39228761e-01 -1.77809950e-02
  8.04091319e-02 -2.35433821e-02 -8.03162053e-04 -1.23147164e-02
  2.99442932e-03  1.04549557e-01 -8.27169977e-03 -9.83589888e-03
 -3.36286728e-04 -1.85042657e-02 -8.13657697e-03 -1.34166991e-02
 -2.48168930e-02 -8.12260807e-03  2.38350835e-02  9.50704888e-02
  2.20327675e-02 -4.89875255e-03  2.76262045e-01  1.97029933e-01
 -1.95741700e-03 -5.65135991e-03  2.38450710e-04 -1.86798107e-02
  2.25984097e-01  4.89667580e-02  1.18730627e-01 -1.26809450e-02
  7.50198811e-02  4.44681905e-02 -2.69747898e-03  1.06431201e-01
  8.21184403e-06  1.24692872e-01  2.02311620e-01  5.57332821e-02
  9.74425077e-02  3.68055739e-02  7.54617304e-02 -1.12191087e-03
  2.00499073e-02 -1.98313463e-02  2.20276080e-02  6.25632480e-02
  1.36282161e-01 -2.43117989e-04  6.53946679e-03 -3.51973460e-03
  7.94697851e-02 -2.61654961e-03  8.73019546e-02  2.90152878e-01
  1.35705635e-01 -1.30215539e-02  7.93808326e-02  9.76231173e-02
  1.63803667e-01 -2.50313282e-02  6.70853583e-03  5.44768199e-02
  1.13374464e-01  1.68565810e-01  1.40106604e-01  7.47138038e-02
 -1.63127296e-02 -5.04587963e-03  1.37533799e-01 -1.42831272e-02
  1.64682418e-01 -3.92624643e-03  6.16495870e-02  1.23536758e-01
 -1.04178963e-02  6.34977072e-02 -3.21726277e-02  1.07514895e-01
  6.88079968e-02  3.67341302e-02  3.89131973e-03 -5.25178481e-03
  1.15609050e-01 -7.83906318e-03  7.14444295e-02  2.12450493e-02]
Layer: dense_1
Weights: [[-0.1004036  -0.09708355  0.08845168 ...  0.0550492   0.07641561
  -0.06447982]
 [ 0.11580086  0.10744019 -0.13981844 ... -0.08338653 -0.15673478
  -0.11244387]
 [ 0.17272854  0.11904656  0.01427556 ... -0.07323153  0.04470791
   0.07929605]
 ...
 [ 0.05530723 -0.06290936 -0.03211428 ... -0.14795399  0.03315204
   0.15106794]
 [-0.06919537 -0.07886726 -0.00196683 ...  0.07748266 -0.16448073
   0.16905372]
 [ 0.10587864 -0.04211292  0.12795044 ...  0.06191502  0.08072583
   0.05891797]]
Biases: [-0.02363487  0.08324878  0.1748189   0.30902603  0.09068409 -0.03285324
  0.0015687  -0.01012999  0.00067961  0.13066237  0.16963935  0.0166007
 -0.00228872  0.2312527  -0.02612219 -0.00192329  0.04312892  0.13150267
 -0.01995821  0.19147146  0.02481975  0.24756578  0.30272353 -0.01011613
  0.07184677  0.2559838   0.1230019   0.11172717 -0.05084852  0.13042839
 -0.00101497  0.0612135   0.03870393  0.13620217 -0.02373579 -0.01324554
 -0.00872256  0.0851897   0.2015253  -0.00293792 -0.01228809 -0.00249734
  0.10025524  0.1257896   0.17417118 -0.02439935 -0.03026829  0.00226898
 -0.00807536  0.25695112 -0.01789799  0.11073291  0.13015781 -0.05078826
 -0.01477989 -0.01771857 -0.00931462  0.06951262  0.2369777   0.01967659
  0.08142896 -0.03747256 -0.00722556 -0.02542708]
Layer: dense_2
Weights: [[-0.14142251  0.2836103   0.19381538 -0.0147972 ]
 [ 0.19195156 -0.08855562 -0.16123368 -0.09151831]
 [ 0.35493284 -0.19335073  0.15188126  0.23967582]
 [ 0.65664345 -0.03281172  0.11669764 -0.24802977]
 [ 0.23762621 -0.03940886 -0.2955803  -0.15082708]
 [-0.26419485 -0.10299826 -0.01865528 -0.11400951]
 [ 0.04224839  0.13421446  0.03202856  0.2668376 ]
 [-0.24875464  0.13040364  0.09048919 -0.24459642]
 [ 0.04577702  0.27797592  0.03467251 -0.13880299]
 [ 0.2918337   0.10503225 -0.13624606 -0.07487597]
 [ 0.39125878  0.02649257  0.0188837  -0.19429399]
 [ 0.02006317 -0.21955752 -0.03728757 -0.27247816]
 [-0.00698954 -0.26411706  0.21949263  0.26867226]
 [ 0.5222529   0.26893345 -0.17058529  0.28381783]
 [-0.04356618  0.14387433 -0.24183685  0.05936919]
 [-0.26156962  0.19704042  0.07520544  0.14711186]
 [ 0.08827382 -0.212738    0.20117876 -0.02383168]
 [ 0.29842496 -0.11690859 -0.19625913 -0.1356382 ]
 [-0.06127964 -0.12736791  0.12727425 -0.23076148]
 [ 0.40857306 -0.07700106  0.12906356  0.24554397]
 [ 0.10636275  0.27535424  0.095076   -0.12318926]
 [ 0.53462034 -0.0152824  -0.16060808 -0.09895758]
 [ 0.66871    -0.18097024 -0.26073697  0.05063776]
 [-0.25940877  0.0597847  -0.26714712 -0.02351382]
 [ 0.18349487  0.30290496 -0.14744759  0.06823926]
 [ 0.5171312  -0.10856377  0.1224075  -0.02380643]
 [ 0.33168426  0.24337104  0.0287012   0.07716907]
 [ 0.26286858 -0.28346714  0.17827046 -0.2748059 ]
 [-0.17266306 -0.02859085 -0.01029417 -0.2805887 ]
 [ 0.29561934 -0.05401663  0.28442988 -0.24260311]
 [ 0.02985153 -0.2579692  -0.16199027  0.19352598]
 [ 0.12399638 -0.20965073 -0.2192017  -0.05792822]
 [ 0.10049397  0.04456253  0.12169156  0.14144735]
 [ 0.28430817 -0.2558601   0.04748794  0.05234287]
 [-0.23616832 -0.17764339  0.04961294 -0.03985124]
 [-0.19632447  0.09444105 -0.0068909   0.2535529 ]
 [-0.19847542  0.04120658 -0.22360471  0.0125115 ]
 [ 0.21394795 -0.13798797 -0.03015901  0.18000783]
 [ 0.4338322   0.02831271  0.22914289 -0.23825735]
 [-0.23772418  0.11855454  0.18755221  0.00910931]
 [-0.03378529 -0.00221446 -0.11628938 -0.28162202]
 [-0.01203872  0.07964738 -0.25875655 -0.02931493]
 [ 0.24764061 -0.06088996 -0.13129279 -0.09203313]
 [ 0.25744107 -0.16825825  0.20234239 -0.03991337]
 [ 0.40082943  0.2797228  -0.06926893 -0.19570056]
 [-0.24979316  0.05470498  0.10635422 -0.05588692]
 [-0.179287   -0.12946926  0.15118116 -0.2653125 ]
 [ 0.10234755 -0.22484304 -0.00541887 -0.02283908]
 [-0.03055356  0.12282962 -0.21775639  0.24443725]
 [ 0.5703085   0.18213537  0.0977313   0.20836003]
 [-0.16880296  0.16505603  0.14742811  0.06600668]
 [ 0.2617272   0.24533886 -0.0721728  -0.23934025]
 [ 0.3232181   0.2895068  -0.24246547 -0.22203685]
 [-0.2907727   0.2547033  -0.13038935 -0.14713031]
 [-0.14960423 -0.22501557 -0.18320724  0.2260714 ]
 [-0.1785585  -0.2481115   0.13418764 -0.10259233]
 [-0.22946726  0.11777452  0.00224094  0.16342233]
 [ 0.15134922 -0.07820746 -0.23882407  0.09508853]
 [ 0.5309814   0.12925537  0.20758417  0.25695276]
 [ 0.04134755 -0.24159172 -0.06077456 -0.15919696]
 [ 0.18748008  0.27190208 -0.10648088  0.005005  ]
 [-0.2046106   0.24166097 -0.18429463 -0.28328344]
 [-0.28222156 -0.20884046  0.1413934  -0.04513063]
 [-0.15156358  0.27290955  0.12667233 -0.00355749]]
Biases: [ 0.67105925 -0.03826017 -0.00288952 -0.00914814]
Layer: dense_3
Weights: [[ 1.3492204   1.3697333  -0.2191465  -0.0979512   0.21382019 -0.0657589
  -0.11179493 -0.12353367 -0.02286496  0.08573232 -0.02288547 -0.04359325
   0.16066492 -0.28648937  0.0079537   0.18074794 -0.24431594 -0.09362505
  -0.1552077  -0.11568129 -0.0643879  -0.15519455 -0.15820932 -0.11349034
   0.0916714  -0.2667588   0.07549676 -0.0279201  -0.01756215  0.11910568
   0.145736   -0.10758368  0.10025882  0.0128216  -0.20576932 -0.3278635
  -0.01917138  0.19804141 -0.11427853  0.13289443 -0.09824751 -0.028407
  -0.01216313 -0.10224701  0.10597738  0.20842725  0.19959977 -0.19704194
  -0.0583053   0.12868564  0.06780258  0.21643609  0.16554414 -0.04418324
  -0.3008507 ]
 [ 0.21349686 -0.14021464  0.16290109 -0.07214706 -0.0555667  -0.14697297
  -0.10466265 -0.24965341 -0.25080648 -0.07354747 -0.10891043 -0.20718914
   0.08863784  0.05824251 -0.16838235  0.1863324  -0.05471217  0.20143634
  -0.21594381 -0.24990694  0.20193824 -0.2706463  -0.13778019 -0.06984109
  -0.20858058  0.23551036  0.04868509 -0.15884133 -0.14799005 -0.05942256
  -0.21416512 -0.2527401  -0.07446727  0.2776968   0.15013048  0.05380153
   0.31346464 -0.20649564  0.0941321   0.3103755   0.25893727  0.01866566
  -0.3041873  -0.08229457 -0.17352855  0.09499034  0.13771257  0.241722
   0.31398064  0.02607313  0.11291495  0.16365683 -0.24808142 -0.02789599
  -0.2364398 ]
 [ 0.06034686 -0.18699251  0.13216658  0.20287426 -0.19827111 -0.25920942
   0.31339476  0.04476062  0.06272756 -0.14078887 -0.04141198  0.04185896
   0.01655087  0.21195997 -0.17456685  0.04161904  0.12146833  0.15160953
  -0.1897898  -0.03920026  0.18091962 -0.07462007  0.2441418  -0.02014605
   0.01619782 -0.29197165  0.09472761  0.29385695  0.1752369  -0.26125333
  -0.13290462 -0.27715975  0.11712948 -0.2608423   0.31008166 -0.13382213
  -0.18964855  0.18776894  0.0993481  -0.0158927  -0.22852005  0.31768396
   0.09636127  0.14406323  0.0199144   0.20561264  0.20036036  0.23317933
  -0.07508347 -0.17298648  0.06402607  0.02165994  0.24347533  0.31103602
   0.14043795]
 [-0.05334549 -0.30643085  0.3173855   0.12603508 -0.02184611 -0.19595307
  -0.09612204 -0.00435302  0.06589061 -0.2797237   0.16793036  0.08988962
   0.11096799  0.25684658  0.30998245 -0.00836779 -0.0155259  -0.04805487
  -0.03912755 -0.0436361   0.24224068 -0.300959    0.27697194  0.26748496
   0.10159559  0.13369243 -0.19483784 -0.16158989 -0.02460263 -0.22525565
   0.14071426 -0.03516089 -0.14717339 -0.12322595  0.15171872 -0.04735846
   0.13207084  0.19670062  0.01123913 -0.03818969  0.01716981  0.29831827
   0.27431962 -0.28538898 -0.31516546 -0.04931106 -0.22671191 -0.1648058
  -0.24016282  0.01133542  0.10899656 -0.20372489  0.12169672 -0.17997706
   0.04037801]]
Biases: [ 0.3219102   1.3166837  -0.02330251 -0.02648786 -0.045856   -0.02750067
 -0.02598525 -0.025446   -0.02905033 -0.03489778 -0.02925896 -0.02827683
 -0.04091199 -0.02171788 -0.03052764 -0.04310459 -0.02249588 -0.02698193
 -0.02454079 -0.02568587 -0.02806146 -0.02447467 -0.0245624  -0.02598226
 -0.03501865 -0.02227489 -0.03452087 -0.02896823 -0.0294207  -0.0371769
 -0.0388437  -0.02593535 -0.03585058 -0.03145057 -0.02361365 -0.02090601
 -0.03007105 -0.04364108 -0.0261495  -0.03916165 -0.02689381 -0.02923198
 -0.02943291 -0.02631296 -0.03600856 -0.04577582 -0.04491825 -0.02391732
 -0.02843076 -0.0381029  -0.03419814 -0.04696404 -0.04041779 -0.02849928
 -0.02117654]
