-2.1254960809452497
-1.6056738900988126
-1.544047211161473
-1.4370556617712757
-1.405727112040683
-1.319086416444079
-1.3046791230058006
-1.251339701923372
-1.241810490031011
-1.2221540569574283
-1.2258235576328602
-1.2439887224517208
-1.2748807059847165
-1.199967613578965
-1.2536870916277594
-1.152188056394947
-1.1698724245308045
-1.1775494907197834
-1.2169528805073595
-1.2520850384180409
-1.1205215334666514
-1.1937860350937837
-1.1482894191188184
-1.0690728265392897
-1.100317761969217
-1.1219513464596524
-1.0472523163405578
-1.022475092688341
-1.0476807876603165
-1.0677262715346512
-0.9635661596769225
-0.945532753408652
-0.9029282583706665
-0.9394150273198971
-0.853470652558804
-0.8777228685338104
-0.8637690688859105
-0.7376131295117997
-0.7545924209016925
-0.7152109857015785
-0.604182642928939
-0.5420529454931076
-0.6447175834328129
-0.608986385405605
-0.5880810845011013
-0.5986217307656347
-0.6075859414331797
-0.5329243299157653
-0.4440224034815512
-0.5744728759448445
-0.4949806085543915
-0.45749482456765933
-0.6104695123052798
-0.3945977455052798
-0.5921825430433861
-0.47357278120362734
-0.23738909790265111
-0.4064178965941103
-0.3145159028178617
-0.36199372239839195
-0.33672798991572095
-0.41857072964755176
-0.4049896815143086
-0.3945977455052798
-0.222613909041613
-0.2611280076929162
-0.3145159028178617
-0.3983295185224038
-0.2893487779477948
-0.16627097614445993
-0.1943931387867344
-0.21365018811238598
-0.1350951681173737
-0.24778103391167983
-0.13509516811737368
-0.12470323210834494
-0.22556894681382061
-0.18552802547011155
-0.13509516811737363
-0.13805020588958128
-0.11431129609931617
-0.20783872018057487
-0.16627097614445988
-0.08313548807222994
0.0
-0.04156774403611497
-0.031175808027086225
-0.04156774403611497
-0.04156774403611497
0.0
0.0
-0.031175808027086225
0.0
0.0
0.0
0.0
0.0
0.0
0.0
0.0
0.0
0.0
0.0
0.0
0.0
0.0
0.0
0.0
0.0
0.0
0.0
0.0
0.0
0.0
0.0
0.0
0.0
0.0
0.0
0.0
0.0
0.0
0.0
0.0
0.0
0.0
0.0
0.0
0.0
0.0
0.0
0.0
0.0
0.0
0.0
0.0
0.0
0.0
0.0
0.0
0.0
0.0
0.0
0.0
0.0
0.0
0.0
0.0
0.0
0.0
0.0
0.0
0.0
0.0
0.0
0.0
0.0
0.0
0.0
0.0
0.0
0.0
0.0
0.0
0.0
0.0
0.0
