-2.0312974460833995
-1.408522125314768
-1.2905496297603625
-1.1869454895132554
-1.123868848107296
-1.0270019644490695
-1.0218737075544932
-0.9843356493771823
-0.9417692008182297
-0.9255318008041222
-0.9179543474642057
-0.9284181813933609
-0.9277633868663125
-0.9386637491217097
-0.911923044871093
-0.9173658840286415
-0.8678762803996303
-0.8609811104540711
-0.8654505473376508
-0.8664254775450049
-0.7956326006912631
-0.8014339151624226
-0.7605093353365633
-0.7194417237019899
-0.7190628471398004
-0.7781670624565704
-0.6941476077327982
-0.6061962671933434
-0.6477236234090609
-0.6192527865982718
-0.5683090004937594
-0.5022769071030558
-0.4503172270579121
-0.48712200042322235
-0.40593500035268526
-0.3764550928378555
-0.3174029192125676
-0.19051882683219354
-0.22732360019750372
-0.10391936009028742
-0.06298143035774996
0.0
-0.03299027304453569
-0.0639503754401769
-0.07872678794718745
-0.09306211351369023
-0.09447214553662497
-0.07641129418403489
-0.1298992001128593
-0.06298143035774996
-0.13172876631163197
0.0
-0.10697581185764884
0.0
-0.13361060583036954
-0.11709223672145064
0.0
0.0
0.0
0.0
0.0
0.0
0.0
0.0
0.0
0.0
0.0
0.0
0.0
0.0
0.0
0.0
0.0
0.0
0.0
0.0
0.0
0.0
0.0
0.0
0.0
0.0
0.0
0.0
0.0
0.0
0.0
0.0
0.0
0.0
0.0
0.0
0.0
0.0
0.0
0.0
0.0
0.0
0.0
0.0
0.0
0.0
0.0
0.0
0.0
0.0
0.0
0.0
0.0
0.0
0.0
0.0
0.0
0.0
0.0
0.0
0.0
0.0
0.0
0.0
0.0
0.0
0.0
0.0
0.0
0.0
0.0
0.0
0.0
0.0
0.0
0.0
0.0
0.0
0.0
0.0
0.0
0.0
0.0
0.0
0.0
0.0
0.0
0.0
0.0
0.0
0.0
0.0
0.0
0.0
0.0
0.0
0.0
0.0
0.0
0.0
0.0
0.0
0.0
0.0
0.0
0.0
0.0
0.0
0.0
0.0
0.0
