Layer: dense
Weights: [[-0.01184783 -0.10127936  0.10366874 ... -0.16870387 -0.03403686
   0.09080525]
 [-0.10863476 -0.13037299 -0.12731944 ... -0.0700459  -0.01477718
   0.19727059]
 [-0.1297776   0.1432153   0.02339685 ...  0.00579902  0.08950333
  -0.11340474]
 ...
 [-0.12781379 -0.02544575 -0.03599335 ... -0.17074114  0.09597117
   0.03456004]
 [-0.02395625 -0.09961762  0.14965689 ... -0.01624993 -0.12657183
   0.0789729 ]
 [ 0.09306334  0.17400979 -0.16135345 ... -0.00544878 -0.15539218
   0.08191134]]
Biases: [-8.35275091e-03  8.03546142e-03 -8.59541167e-03  7.54220597e-03
 -3.43397795e-03 -5.13008679e-04  1.21052247e-02  5.17400354e-03
  2.92582456e-02 -1.46106677e-02  1.38135562e-02 -4.65800473e-03
 -1.50873857e-02  3.09941489e-02 -2.74460088e-03  2.80541857e-03
 -2.16226131e-02  8.69356096e-03 -1.98288169e-03  3.83866043e-03
 -6.60075666e-03  2.22057872e-03  1.29693572e-03  1.90432779e-02
  1.23725762e-03  1.75702479e-02  5.57288527e-03 -1.03904819e-02
 -1.00376172e-04  1.16131194e-02  1.34445354e-02  6.81697740e-04
  2.83103524e-04 -9.89412609e-03  5.89644024e-03 -1.24718416e-02
  2.53226478e-02 -4.66421060e-03 -6.32170821e-04 -2.89178046e-04
 -4.08114074e-03  5.64355366e-02 -2.11429987e-02  5.25414981e-02
 -3.68552702e-03 -1.70356371e-02 -7.79375574e-03  1.19578252e-02
  1.26297306e-02  1.34056900e-03 -6.36254856e-03 -7.40873220e-04
 -8.34636856e-03 -1.06653236e-02  8.10059905e-03  1.81473736e-02
  1.14297178e-02 -1.29265655e-02 -6.21225918e-03 -6.18657190e-03
 -1.60646520e-03 -3.87901021e-03 -9.61645227e-03  1.07661346e-02
  1.93951360e-03 -2.05928390e-03 -1.04807271e-02 -8.93681962e-03
  2.00909451e-02 -1.05594769e-02 -1.50486687e-02  7.86206499e-03
  2.86952872e-02 -7.63613312e-03  7.20978389e-03  2.37709959e-03
  3.42350244e-03 -4.87349229e-03  5.17277792e-03 -3.02572502e-03
  3.13257799e-03  3.87936421e-02  2.15058768e-04 -1.17873121e-02
 -2.41225380e-02  5.72076580e-03 -1.69601161e-02  3.53443483e-03
  5.31538995e-03  2.46147509e-03  2.69359164e-03 -1.00092720e-02
  5.46238292e-03  9.61120985e-03 -5.80926018e-04 -1.97650697e-02
 -4.35693096e-03  8.21729263e-05 -1.00443494e-02  1.37963321e-03
  2.65737437e-03  5.06091572e-04 -1.23182647e-02  6.99208444e-03
 -2.63630436e-03  1.65077392e-02 -5.79780387e-03 -2.94039142e-03
  3.00680138e-02 -3.04893241e-03 -1.31012285e-02  2.54308004e-02
  2.33334415e-02 -1.33163575e-02  2.09519900e-02  4.68941918e-03
  7.66732870e-03  3.49467271e-03  8.65324680e-03  1.66000240e-02
 -1.94809760e-03  2.66670790e-02  1.49062667e-02 -1.08395070e-02
  1.44932913e-02 -1.31969701e-03 -3.03293914e-02  3.19787152e-02]
Layer: dense_1
Weights: [[-0.06198676 -0.14933792 -0.03502981 ... -0.08016787 -0.09018771
   0.08316609]
 [ 0.04558634 -0.06512632 -0.14648676 ...  0.12251443 -0.06473511
  -0.04242832]
 [ 0.1413206  -0.05409851  0.12624232 ...  0.20172736  0.14078364
  -0.15399195]
 ...
 [ 0.10155806  0.11930066  0.04976789 ... -0.14668314 -0.02157491
   0.10312789]
 [ 0.00723572  0.02017132  0.13136825 ...  0.14510532 -0.14830847
   0.03858479]
 [ 0.01602841 -0.08510622  0.09554705 ...  0.09866599  0.0942007
  -0.06904124]]
Biases: [ 2.6235392e-02 -3.5749469e-02  8.4746449e-04 -3.6711656e-03
  8.9071313e-04 -3.1726310e-04  2.9401360e-02 -1.6838608e-02
 -6.7621359e-04  5.2708131e-04  1.4314789e-03 -1.9127646e-03
 -4.2847492e-05 -1.5863273e-02  1.4843032e-03  3.7517508e-03
  4.3427306e-03 -1.1855757e-02  8.0209514e-03 -1.0303164e-02
 -7.5508221e-03  4.2205282e-02  1.6527533e-04 -4.8260149e-03
  2.7098330e-03  2.6310224e-02 -8.6887181e-04 -8.8517359e-03
 -2.7697733e-02  1.1617073e-02  8.7239975e-03  7.6998151e-03
  8.4563327e-04  1.2870211e-02 -2.2827107e-02 -2.8434947e-02
  9.7598378e-03  9.1041416e-02 -1.8708957e-02 -3.8957882e-03
 -7.5793997e-03 -1.9189471e-02  2.0251092e-02 -1.8796769e-03
 -6.0596778e-03  1.0932702e-02 -1.6426576e-02 -9.9480078e-03
 -3.5675173e-03  1.6318489e-02 -8.0736550e-03  1.4873803e-02
 -1.3750542e-02 -3.9434931e-03 -2.2366473e-02 -9.2883809e-03
  1.0427707e-02  1.2143594e-03 -6.3942261e-03  1.0702958e-03
 -3.3220390e-04 -1.7853979e-02 -7.1872788e-04 -6.3087587e-04]
Layer: dense_2
Weights: [[ 1.70642465e-01 -2.97354877e-01  2.67321140e-01 -4.85800207e-03]
 [ 4.99155233e-03  3.18115175e-01 -2.14250326e-01 -1.31155208e-01]
 [ 1.86982320e-03  7.05524683e-02  7.48105049e-02 -1.33252442e-01]
 [-2.12922662e-01  5.76587729e-02  2.53597349e-01 -9.64307487e-02]
 [ 1.54760167e-01  1.20888494e-01 -3.72204371e-02 -1.49879351e-01]
 [ 2.66828805e-01  2.13104159e-01 -1.83164328e-01  1.40427068e-01]
 [-1.46902099e-01  2.84551293e-01  9.33682695e-02 -3.42555195e-02]
 [-7.17206218e-04  1.09252304e-01 -2.59166926e-01  7.19775409e-02]
 [-2.70258367e-01  9.63371471e-02 -1.46949396e-01  2.23571416e-02]
 [-2.14441016e-01  7.59411696e-03  1.07648812e-01 -3.07479240e-02]
 [-1.34472057e-01  1.15244992e-01 -1.03632987e-01 -3.78625235e-04]
 [ 9.46415886e-02  2.51240522e-01  2.31105730e-01  2.15851963e-01]
 [ 2.39995450e-01 -4.77433912e-02  2.45163903e-01  2.39359781e-01]
 [ 2.55530059e-01 -1.15142867e-01  6.83219731e-03 -6.90703988e-02]
 [-7.50927553e-02 -2.31672436e-01  4.35148887e-02 -1.75573066e-01]
 [-2.52951264e-01 -4.43073772e-02 -1.60304025e-01 -1.00911178e-01]
 [-2.26489380e-01  2.89502054e-01 -5.43715172e-02 -1.88244507e-01]
 [-1.83428183e-01 -2.88594693e-01  2.24714100e-01  2.36884296e-01]
 [ 2.74041086e-01 -2.81847402e-04 -6.82995841e-02 -1.83246851e-01]
 [-1.49299920e-01  2.82131821e-01 -2.09102668e-02 -2.32764781e-01]
 [-2.71830708e-01  3.99272501e-01 -2.54325390e-01  1.65283337e-01]
 [ 2.89344698e-01 -2.98968643e-01 -2.44897619e-01  1.67295672e-02]
 [ 1.88327938e-01 -1.05013870e-01  1.43260375e-01  6.80985898e-02]
 [-2.44705468e-01 -2.31374398e-01  2.49143675e-01 -1.21380828e-01]
 [-2.85612166e-01  1.29963487e-01 -2.62560099e-01 -9.37922522e-02]
 [-1.83047980e-01 -2.91959792e-01  2.24211141e-02  6.20531440e-02]
 [-1.95849702e-01 -3.53542319e-03  2.73360580e-01 -1.57620311e-01]
 [-1.17924012e-01 -1.74231499e-01  1.78789541e-01  9.53297690e-02]
 [ 6.26869500e-02  3.61249059e-01 -1.20100342e-01  1.21176288e-01]
 [ 2.93493479e-01 -1.75903499e-01 -5.86039536e-02  1.28061727e-01]
 [ 1.35366917e-01  1.68236524e-01 -1.93558216e-01 -1.02600224e-01]
 [ 2.23087132e-01 -1.14860907e-01 -2.03137115e-01 -1.47749543e-01]
 [ 2.84480482e-01  2.88334582e-02 -1.95911914e-01 -1.10688433e-01]
 [-2.87424445e-01 -1.63123041e-01 -2.11016148e-01 -7.28665441e-02]
 [-1.50705613e-02  3.79571080e-01 -2.53038019e-01  1.06611013e-01]
 [ 9.48489532e-02  2.78021097e-01 -2.12482706e-01 -1.21173136e-01]
 [ 8.11085850e-02  1.24635555e-01 -4.44812886e-02 -9.07977298e-02]
 [ 2.53313303e-01 -3.84989291e-01 -2.18627378e-01 -2.45093986e-01]
 [-2.50806063e-01  3.29311728e-01  3.16091888e-02  2.76558936e-01]
 [ 9.53351706e-03 -2.15919949e-02  9.93422046e-02 -8.31165165e-02]
 [ 2.50552654e-01  1.19448796e-01  1.50642291e-01  8.43912289e-02]
 [-1.68850094e-01  2.05704749e-01  2.63222396e-01 -2.63022453e-01]
 [-1.78191021e-01 -1.38246328e-01  1.12282254e-01 -3.08653504e-01]
 [ 2.91283876e-01  3.19535509e-02  1.82179064e-01  1.68521821e-01]
 [-1.56503797e-01 -1.22680858e-01  2.20294625e-01 -1.51197717e-01]
 [-2.90133469e-02 -9.77866203e-02  1.00601368e-01  1.99458480e-01]
 [-9.45299342e-02  1.81132868e-01 -1.57422587e-01 -2.96070486e-01]
 [-2.47158602e-01  3.53913844e-01  1.12135917e-01  3.48751396e-01]
 [-2.94363767e-01  3.43502820e-01 -2.60410428e-01  1.04592025e-01]
 [-1.00829080e-01  2.00861454e-01 -2.46905729e-01 -2.26262093e-01]
 [-6.35025371e-03  2.54942387e-01 -7.57074133e-02 -7.64661580e-02]
 [-4.17589545e-02  2.65750319e-01  2.36663654e-01  1.89273134e-01]
 [-1.41945288e-01  4.76253390e-01  3.61168804e-03  8.54209736e-02]
 [-6.95343390e-02  2.65479572e-02  1.60376430e-01  2.11334065e-01]
 [ 5.49640059e-02  3.19278002e-01 -8.67691543e-03 -1.22319341e-01]
 [ 4.91259359e-02  2.72765964e-01 -2.52240039e-02  1.29000187e-01]
 [ 2.82234848e-01 -1.29558384e-01  9.52029154e-02  1.70564186e-02]
 [ 5.10067567e-02  1.78915605e-01  1.11170262e-01  2.92615384e-01]
 [ 1.26481041e-01 -1.03578694e-01  2.03740180e-01 -1.84348762e-01]
 [-2.66123921e-01  2.35300604e-02 -5.40288538e-02 -9.20883715e-02]
 [-2.45056435e-01 -1.28586337e-01  6.57492056e-02 -1.57741651e-01]
 [ 2.22391605e-01  3.46378535e-01  1.21967487e-01  2.61550337e-01]
 [ 4.88138944e-02 -1.17563389e-01  1.13541692e-01  2.11723804e-01]
 [-1.32580325e-01  2.79885959e-02 -2.62158606e-02  2.58797258e-01]]
Biases: [-0.01499387 -0.09338996 -0.00726012  0.01980407]
Layer: dense_3
Weights: [[-0.5522383]
 [-1.4775398]
 [ 0.6752528]
 [-0.6208946]]
Biases: [1.0672346]
