7.460698725481052e-14
7.460698725481052e-14
7.460698725481052e-14
7.460698725481052e-14
7.460698725481052e-14
7.460698725481052e-14
7.460698725481052e-14
7.460698725481052e-14
-0.9197297247938838
-0.9197297247938909
-0.9197297247938909
-0.9197297247938909
-0.9197297247939042
-0.9197297247939042
-0.9197297247939042
-0.9197297247939051
-0.9197297247939185
-0.9197297247939185
-0.9197297247939185
-0.9197297247939185
-0.9197297247939185
-0.9197297247939185
-0.9197297247939185
-0.919729724793946
-0.9197297247939513
-0.9197297247939513
-0.9197297247939513
-0.9197297247939513
-0.9197297247939513
-0.9197297247939513
-0.9197297247939513
-0.9197297247939584
-0.9197297247939584
-0.9197297247939584
-0.9197297247939584
-0.9197297247939584
-0.9197297247939584
-0.9197297247939593
-0.9197297247939593
-0.9197297247939593
-0.9197297247939593
-0.9197297247939655
-0.9197297247939655
-0.9197297247939655
-0.9197297247939655
-0.9197297247939717
-0.9197297247939717
-0.9197297247939717
-0.9197297247939717
-0.9197297247939717
-0.9197297247939717
-0.9197297247939789
-0.9197297247939789
-0.919729724793986
-0.919729724793986
-0.919729724793986
-0.9197297247939922
-0.9197297247939993
-0.9197297247939993
-0.9197297247939993
