Layer: dense
Weights: [[0.0013621  0.0013621  0.0013621  ... 0.0013621  0.0013621  0.0013621 ]
 [0.00137132 0.00137132 0.00137132 ... 0.00137132 0.00137132 0.00137132]
 [0.00136185 0.00136185 0.00136185 ... 0.00136185 0.00136185 0.00136185]
 ...
 [0.0010069  0.0010069  0.0010069  ... 0.0010069  0.0010069  0.0010069 ]
 [0.00100715 0.00100715 0.00100715 ... 0.00100715 0.00100715 0.00100715]
 [0.00100663 0.00100663 0.00100663 ... 0.00100663 0.00100663 0.00100663]]
Biases: [0.1003734 0.1003734 0.1003734 0.1003734 0.1003734 0.1003734 0.1003734
 0.1003734 0.1003734 0.1003734 0.1003734 0.1003734 0.1003734 0.1003734
 0.1003734 0.1003734 0.1003734 0.1003734 0.1003734 0.1003734 0.1003734
 0.1003734 0.1003734 0.1003734 0.1003734 0.1003734 0.1003734 0.1003734
 0.1003734 0.1003734 0.1003734 0.1003734 0.1003734 0.1003734 0.1003734
 0.1003734 0.1003734 0.1003734 0.1003734 0.1003734 0.1003734 0.1003734
 0.1003734 0.1003734 0.1003734 0.1003734 0.1003734 0.1003734 0.1003734
 0.1003734 0.1003734 0.1003734 0.1003734 0.1003734 0.1003734 0.1003734
 0.1003734 0.1003734 0.1003734 0.1003734 0.1003734 0.1003734 0.1003734
 0.1003734 0.1003734 0.1003734 0.1003734 0.1003734 0.1003734 0.1003734
 0.1003734 0.1003734 0.1003734 0.1003734 0.1003734 0.1003734 0.1003734
 0.1003734 0.1003734 0.1003734 0.1003734 0.1003734 0.1003734 0.1003734
 0.1003734 0.1003734 0.1003734 0.1003734 0.1003734 0.1003734 0.1003734
 0.1003734 0.1003734 0.1003734 0.1003734 0.1003734 0.1003734 0.1003734
 0.1003734 0.1003734 0.1003734 0.1003734 0.1003734 0.1003734 0.1003734
 0.1003734 0.1003734 0.1003734 0.1003734 0.1003734 0.1003734 0.1003734
 0.1003734 0.1003734 0.1003734 0.1003734 0.1003734 0.1003734 0.1003734
 0.1003734 0.1003734 0.1003734 0.1003734 0.1003734 0.1003734 0.1003734
 0.1003734 0.1003734]
Layer: dense_1
Weights: [[0.00162637 0.00162637 0.00162637 ... 0.00162637 0.00162637 0.00162637]
 [0.00162637 0.00162637 0.00162637 ... 0.00162637 0.00162637 0.00162637]
 [0.00162637 0.00162637 0.00162637 ... 0.00162637 0.00162637 0.00162637]
 ...
 [0.00162637 0.00162637 0.00162637 ... 0.00162637 0.00162637 0.00162637]
 [0.00162637 0.00162637 0.00162637 ... 0.00162637 0.00162637 0.00162637]
 [0.00162637 0.00162637 0.00162637 ... 0.00162637 0.00162637 0.00162637]]
Biases: [0.10481364 0.10481364 0.10481364 0.10481364 0.10481364 0.10481364
 0.10481364 0.10481364 0.10481364 0.10481364 0.10481364 0.10481364
 0.10481364 0.10481364 0.10481364 0.10481364 0.10481364 0.10481364
 0.10481364 0.10481364 0.10481364 0.10481364 0.10481364 0.10481364
 0.10481364 0.10481364 0.10481364 0.10481364 0.10481364 0.10481364
 0.10481364 0.10481364 0.10481364 0.10481364 0.10481364 0.10481364
 0.10481364 0.10481364 0.10481364 0.10481364 0.10481364 0.10481364
 0.10481364 0.10481364 0.10481364 0.10481364 0.10481364 0.10481364
 0.10481364 0.10481364 0.10481364 0.10481364 0.10481364 0.10481364
 0.10481364 0.10481364 0.10481364 0.10481364 0.10481364 0.10481364
 0.10481364 0.10481364 0.10481364 0.10481364]
Layer: dense_2
Weights: [[0.01734501 0.01734501 0.01734501 0.01734501]
 [0.01734501 0.01734501 0.01734501 0.01734501]
 [0.01734501 0.01734501 0.01734501 0.01734501]
 [0.01734501 0.01734501 0.01734501 0.01734501]
 [0.01734501 0.01734501 0.01734501 0.01734501]
 [0.01734501 0.01734501 0.01734501 0.01734501]
 [0.01734501 0.01734501 0.01734501 0.01734501]
 [0.01734501 0.01734501 0.01734501 0.01734501]
 [0.01734501 0.01734501 0.01734501 0.01734501]
 [0.01734501 0.01734501 0.01734501 0.01734501]
 [0.01734501 0.01734501 0.01734501 0.01734501]
 [0.01734501 0.01734501 0.01734501 0.01734501]
 [0.01734501 0.01734501 0.01734501 0.01734501]
 [0.01734501 0.01734501 0.01734501 0.01734501]
 [0.01734501 0.01734501 0.01734501 0.01734501]
 [0.01734501 0.01734501 0.01734501 0.01734501]
 [0.01734501 0.01734501 0.01734501 0.01734501]
 [0.01734501 0.01734501 0.01734501 0.01734501]
 [0.01734501 0.01734501 0.01734501 0.01734501]
 [0.01734501 0.01734501 0.01734501 0.01734501]
 [0.01734501 0.01734501 0.01734501 0.01734501]
 [0.01734501 0.01734501 0.01734501 0.01734501]
 [0.01734501 0.01734501 0.01734501 0.01734501]
 [0.01734501 0.01734501 0.01734501 0.01734501]
 [0.01734501 0.01734501 0.01734501 0.01734501]
 [0.01734501 0.01734501 0.01734501 0.01734501]
 [0.01734501 0.01734501 0.01734501 0.01734501]
 [0.01734501 0.01734501 0.01734501 0.01734501]
 [0.01734501 0.01734501 0.01734501 0.01734501]
 [0.01734501 0.01734501 0.01734501 0.01734501]
 [0.01734501 0.01734501 0.01734501 0.01734501]
 [0.01734501 0.01734501 0.01734501 0.01734501]
 [0.01734501 0.01734501 0.01734501 0.01734501]
 [0.01734501 0.01734501 0.01734501 0.01734501]
 [0.01734501 0.01734501 0.01734501 0.01734501]
 [0.01734501 0.01734501 0.01734501 0.01734501]
 [0.01734501 0.01734501 0.01734501 0.01734501]
 [0.01734501 0.01734501 0.01734501 0.01734501]
 [0.01734501 0.01734501 0.01734501 0.01734501]
 [0.01734501 0.01734501 0.01734501 0.01734501]
 [0.01734501 0.01734501 0.01734501 0.01734501]
 [0.01734501 0.01734501 0.01734501 0.01734501]
 [0.01734501 0.01734501 0.01734501 0.01734501]
 [0.01734501 0.01734501 0.01734501 0.01734501]
 [0.01734501 0.01734501 0.01734501 0.01734501]
 [0.01734501 0.01734501 0.01734501 0.01734501]
 [0.01734501 0.01734501 0.01734501 0.01734501]
 [0.01734501 0.01734501 0.01734501 0.01734501]
 [0.01734501 0.01734501 0.01734501 0.01734501]
 [0.01734501 0.01734501 0.01734501 0.01734501]
 [0.01734501 0.01734501 0.01734501 0.01734501]
 [0.01734501 0.01734501 0.01734501 0.01734501]
 [0.01734501 0.01734501 0.01734501 0.01734501]
 [0.01734501 0.01734501 0.01734501 0.01734501]
 [0.01734501 0.01734501 0.01734501 0.01734501]
 [0.01734501 0.01734501 0.01734501 0.01734501]
 [0.01734501 0.01734501 0.01734501 0.01734501]
 [0.01734501 0.01734501 0.01734501 0.01734501]
 [0.01734501 0.01734501 0.01734501 0.01734501]
 [0.01734501 0.01734501 0.01734501 0.01734501]
 [0.01734501 0.01734501 0.01734501 0.01734501]
 [0.01734501 0.01734501 0.01734501 0.01734501]
 [0.01734501 0.01734501 0.01734501 0.01734501]
 [0.01734501 0.01734501 0.01734501 0.01734501]]
Biases: [0.2343711 0.2343711 0.2343711 0.2343711]
Layer: dense_3
Weights: [[0.2532332]
 [0.2532332]
 [0.2532332]
 [0.2532332]]
Biases: [1.4607499]
