-33.43333333333333
-27.56756756756757
-24.285714285714285
-22.40909090909091
-17.326923076923077
-16.16393442622951
-15.903225806451612
0.0
-16.442622950819672
-16.721311475409838
-17.0
-16.03252032520325
-16.048
-16.585365853658537
0.0
0.0
-16.062992125984252
-16.721311475409838
0.0
-16.308943089430894
-15.559322033898304
-16.32
-16.721311475409838
-17.0
-16.062992125984252
-16.297520661157026
-16.16393442622951
-16.177419354838708
0.0
-17.0
-16.308943089430894
-16.32
-16.062992125984252
-16.716666666666665
-15.920634920634921
-16.19047619047619
-16.177419354838708
-16.19047619047619
-17.0
-16.19047619047619
-16.859504132231404
-16.048
-16.451612903225808
-16.16393442622951
-16.19047619047619
-16.585365853658537
0.0
-16.16393442622951
-16.451612903225808
-16.716666666666665
-16.32
0.0
-16.19047619047619
-16.32
-16.19047619047619
-16.578512396694215
-16.19047619047619
-16.32
-16.062992125984252
-16.03252032520325
0.0
0.0
-16.062992125984252
-15.373913043478261
-16.03252032520325
-16.177419354838708
-16.062992125984252
-16.585365853658537
-15.920634920634921
-16.32
-16.721311475409838
0.0
-16.721311475409838
-16.859504132231404
-16.062992125984252
-16.451612903225808
-16.716666666666665
0.0
-16.716666666666665
-16.442622950819672
-16.859504132231404
-16.062992125984252
0.0
-16.721311475409838
0.0
-16.062992125984252
-16.721311475409838
-16.19047619047619
-16.716666666666665
-16.062992125984252
-16.048
0.0
-16.03252032520325
-17.0
0.0
-16.308943089430894
-16.721311475409838
-16.442622950819672
-17.0
0.0
0.0
-16.062992125984252
-16.451612903225808
-16.451612903225808
-16.308943089430894
0.0
-16.451612903225808
0.0
-16.16393442622951
-16.433333333333334
-17.0
0.0
-16.442622950819672
0.0
-15.903225806451612
0.0
-16.062992125984252
-16.721311475409838
-15.903225806451612
-16.442622950819672
-17.0
-15.920634920634921
-16.721311475409838
-17.0
-16.585365853658537
-16.721311475409838
-16.048
-16.19047619047619
0.0
-16.32
-16.451612903225808
-16.048
0.0
-16.32
-16.721311475409838
0.0
-16.308943089430894
-16.32
-16.442622950819672
-16.19047619047619
-16.062992125984252
-16.32
-15.903225806451612
0.0
-16.32
-16.859504132231404
-16.016528925619834
-16.177419354838708
-16.048
0.0
-16.585365853658537
-16.19047619047619
-16.578512396694215
-16.297520661157026
0.0
-17.0
-16.177419354838708
-16.721311475409838
-16.19047619047619
-16.32
-16.16393442622951
-16.19047619047619
0.0
0.0
-16.048
-17.0
-16.578512396694215
-16.585365853658537
-16.716666666666665
0.0
0.0
-15.920634920634921
-16.062992125984252
-16.03252032520325
-16.16393442622951
-16.32
0.0
-16.859504132231404
0.0
-16.859504132231404
-16.451612903225808
-16.442622950819672
-16.177419354838708
0.0
-16.048
-17.0
-16.308943089430894
-16.062992125984252
0.0
-16.721311475409838
-16.177419354838708
-16.32
-16.721311475409838
-16.19047619047619
-15.903225806451612
-16.721311475409838
-16.03252032520325
-16.19047619047619
0.0
-16.578512396694215
0.0
-15.920634920634921
-16.177419354838708
-16.859504132231404
-16.578512396694215
0.0
-16.716666666666665
0.0
-15.920634920634921
-15.920634920634921
-16.578512396694215
0.0
0.0
0.0
-16.177419354838708
-16.585365853658537
-16.578512396694215
-16.442622950819672
0.0
-16.048
-15.903225806451612
-16.308943089430894
-16.451612903225808
0.0
-16.859504132231404
0.0
-16.578512396694215
-16.716666666666665
-16.297520661157026
-16.048
0.0
0.0
0.0
-16.048
-16.859504132231404
-16.19047619047619
-15.920634920634921
-16.451612903225808
-15.920634920634921
-16.19047619047619
-16.451612903225808
-16.308943089430894
-15.920634920634921
-16.32
-16.578512396694215
-16.585365853658537
-16.716666666666665
-16.716666666666665
-16.451612903225808
-16.721311475409838
-16.062992125984252
-16.859504132231404
-15.75609756097561
-16.716666666666665
-16.578512396694215
0.0
0.0
-16.062992125984252
0.0
0.0
-16.859504132231404
-16.442622950819672
-17.0
-16.32
-16.451612903225808
-16.308943089430894
-16.721311475409838
0.0
-16.859504132231404
-16.177419354838708
-16.048
-16.578512396694215
-16.062992125984252
-16.16393442622951
-15.920634920634921
-16.297520661157026
-16.578512396694215
-16.19047619047619
-16.062992125984252
-15.920634920634921
-15.776
-16.585365853658537
-16.048
-16.585365853658537
-16.716666666666665
-16.859504132231404
-16.177419354838708
-16.16393442622951
-16.177419354838708
-16.062992125984252
-16.048
-16.716666666666665
-16.859504132231404
-16.585365853658537
-16.048
-16.177419354838708
-16.177419354838708
-16.451612903225808
-16.177419354838708
-16.16393442622951
-16.062992125984252
0.0
-16.859504132231404
-16.859504132231404
-16.308943089430894
-15.920634920634921
0.0
-16.859504132231404
-16.451612903225808
-16.716666666666665
0.0
-16.721311475409838
-16.32
-17.0
0.0
-17.0
0.0
-16.451612903225808
-16.19047619047619
-15.735537190082646
-16.048
-16.32
0.0
0.0
-16.308943089430894
-16.308943089430894
-16.721311475409838
-17.0
-16.721311475409838
-16.048
-16.859504132231404
-16.716666666666665
0.0
-16.433333333333334
-16.859504132231404
0.0
-16.716666666666665
-15.903225806451612
-16.32
-16.16393442622951
0.0
-16.16393442622951
-15.479674796747968
-15.920634920634921
0.0
-16.297520661157026
-17.0
-15.920634920634921
-17.0
-16.578512396694215
-16.442622950819672
-16.19047619047619
0.0
0.0
-16.859504132231404
-16.721311475409838
0.0
-16.03252032520325
-16.32
-16.062992125984252
-15.776
-16.308943089430894
-16.721311475409838
-17.0
-15.920634920634921
-16.308943089430894
-16.585365853658537
-16.451612903225808
0.0
-16.433333333333334
0.0
-16.297520661157026
0.0
0.0
-16.716666666666665
-16.048
-16.177419354838708
-15.776
0.0
0.0
-16.177419354838708
-16.062992125984252
0.0
-16.048
-16.716666666666665
-16.297520661157026
0.0
-15.903225806451612
-16.721311475409838
0.0
0.0
-16.859504132231404
-16.308943089430894
-16.32
0.0
0.0
-16.03252032520325
-16.859504132231404
-16.859504132231404
0.0
0.0
-16.451612903225808
-16.048
-16.442622950819672
-16.721311475409838
-17.0
-16.442622950819672
-16.03252032520325
-16.716666666666665
-16.451612903225808
-16.177419354838708
0.0
-16.585365853658537
-16.16393442622951
0.0
-16.433333333333334
-17.0
-17.0
-15.903225806451612
-17.0
-16.451612903225808
0.0
0.0
-17.0
0.0
-16.578512396694215
-15.903225806451612
-16.16393442622951
0.0
-16.442622950819672
-16.16393442622951
-16.578512396694215
0.0
0.0
0.0
0.0
-16.442622950819672
-15.920634920634921
-16.585365853658537
-16.442622950819672
-16.19047619047619
0.0
-16.859504132231404
-16.433333333333334
-16.308943089430894
0.0
-15.903225806451612
-16.859504132231404
-16.177419354838708
-16.19047619047619
0.0
0.0
0.0
-16.297520661157026
-16.451612903225808
-16.32
-16.297520661157026
-16.451612903225808
-15.920634920634921
0.0
-16.308943089430894
-15.920634920634921
-17.0
-16.062992125984252
-17.0
-16.048
-16.578512396694215
-16.308943089430894
-16.721311475409838
-16.585365853658537
-17.0
-15.920634920634921
-16.297520661157026
-15.885245901639344
-16.859504132231404
-16.19047619047619
-17.0
-16.578512396694215
-16.048
0.0
-16.062992125984252
-16.451612903225808
-16.19047619047619
-16.721311475409838
-16.451612903225808
0.0
-16.442622950819672
-15.920634920634921
0.0
0.0
-16.721311475409838
-17.0
-16.308943089430894
-16.585365853658537
-16.016528925619834
0.0
-16.451612903225808
0.0
0.0
-16.716666666666665
0.0
0.0
-16.585365853658537
-16.721311475409838
0.0
-17.0
0.0
-16.308943089430894
-16.19047619047619
-16.19047619047619
-16.062992125984252
-16.716666666666665
-16.578512396694215
0.0
-16.19047619047619
0.0
-16.451612903225808
-16.062992125984252
-16.308943089430894
0.0
-16.859504132231404
-16.721311475409838
0.0
-16.585365853658537
0.0
-16.433333333333334
0.0
-16.048
0.0
0.0
-16.578512396694215
-16.721311475409838
-16.177419354838708
-16.16393442622951
0.0
0.0
-16.451612903225808
