-33.66
-29.24
-25.84
-23.8
-16.66
-12.24
-11.56
-10.2
-12.58
-12.92
-13.6
-11.9
-11.56
-12.58
-10.88
-10.88
-11.22
-12.92
-10.88
-12.24
-12.24
-11.9
-12.92
-13.6
-11.22
-12.58
-12.24
-11.9
-10.88
-13.6
-12.24
-11.9
-11.22
-13.26
-11.22
-11.56
-11.9
-11.56
-13.6
-11.56
-13.26
-11.56
-12.24
-12.24
-11.56
-12.58
-10.54
-12.24
-12.24
-13.26
-11.9
-10.54
-11.56
-11.9
-11.56
-12.92
-11.56
-11.9
-11.22
-11.9
-10.88
-10.88
-11.22
-12.58
-11.9
-11.9
-11.22
-12.58
-11.22
-11.9
-12.92
-10.54
-12.92
-13.26
-11.22
-12.24
-13.26
-10.54
-13.26
-12.58
-13.26
-11.22
-10.88
-12.92
-10.88
-11.22
-12.92
-11.56
-13.26
-11.22
-11.56
-10.88
-11.9
-13.6
-10.88
-12.24
-12.92
-12.58
-13.6
-12.24
-10.54
-11.22
-12.24
-12.24
-12.24
-10.54
-12.24
-10.88
-12.24
-12.92
-13.6
-10.88
-12.58
-10.88
-11.56
-10.54
-11.22
-12.92
-11.56
-12.58
-13.6
-11.22
-12.92
-13.6
-12.58
-12.92
-11.56
-11.56
-10.54
-11.9
-12.24
-11.56
-10.88
-11.9
-12.92
-10.88
-12.24
-11.9
-12.58
-11.56
-11.22
-11.9
-11.56
-10.54
-11.9
-13.26
-12.24
-11.9
-11.56
-10.2
-12.58
-11.56
-12.92
-12.58
-10.88
-13.6
-11.9
-12.92
-11.56
-11.9
-12.24
-11.56
-10.54
-10.88
-11.56
-13.6
-12.92
-12.58
-13.26
-12.24
-10.54
-11.22
-11.22
-11.9
-12.24
-11.9
-10.88
-13.26
-10.2
-13.26
-12.24
-12.58
-11.9
-12.24
-11.56
-13.6
-12.24
-11.22
-10.54
-12.92
-11.9
-11.9
-12.92
-11.56
-11.56
-12.92
-11.9
-11.56
-10.54
-12.92
-10.54
-11.22
-11.9
-13.26
-12.92
-10.54
-13.26
-10.2
-11.22
-11.22
-12.92
-10.54
-10.88
-10.2
-11.9
-12.58
-12.92
-12.58
-10.88
-11.56
-11.56
-12.24
-12.24
-10.88
-13.26
-9.86
-12.92
-13.26
-12.58
-11.56
-12.24
-10.88
-10.88
-11.56
-13.26
-11.56
-11.22
-12.24
-11.22
-11.56
-12.24
-12.24
-11.22
-11.9
-12.92
-12.58
-13.26
-13.26
-12.24
-12.92
-11.22
-13.26
-11.56
-13.26
-12.92
-11.56
-10.54
-11.22
-10.2
-10.2
-13.26
-12.58
-13.6
-11.9
-12.24
-12.24
-12.92
-10.54
-13.26
-11.9
-11.56
-12.92
-11.22
-12.24
-11.22
-12.58
-12.92
-11.56
-11.22
-11.22
-11.22
-12.58
-11.56
-12.58
-13.26
-13.26
-11.9
-12.24
-11.9
-11.22
-11.56
-13.26
-13.26
-12.58
-11.56
-11.9
-11.9
-12.24
-11.9
-12.24
-11.22
-10.54
-13.26
-13.26
-12.24
-11.22
-11.9
-13.26
-12.24
-13.26
-10.88
-12.92
-11.9
-13.6
-10.54
-13.6
-12.24
-12.24
-11.56
-11.9
-11.56
-11.9
-10.54
-10.54
-12.24
-12.24
-12.92
-13.6
-12.92
-11.56
-13.26
-13.26
-10.54
-12.92
-13.26
-10.54
-13.26
-11.56
-11.9
-12.24
-10.2
-12.24
-11.22
-11.22
-10.2
-12.58
-13.6
-11.22
-13.6
-12.92
-12.58
-11.56
-10.88
-10.54
-13.26
-12.92
-10.54
-11.9
-11.9
-11.22
-11.22
-12.24
-12.92
-13.6
-11.22
-12.24
-12.58
-12.24
-10.88
-12.92
-10.88
-12.58
-10.88
-10.54
-13.26
-11.56
-11.9
-11.22
-10.54
-10.88
-11.9
-11.22
-9.86
-11.56
-13.26
-12.58
-10.88
-11.56
-12.92
-10.88
-11.9
-13.26
-12.24
-11.9
-10.54
-12.24
-11.9
-13.26
-13.26
-10.88
-10.2
-12.24
-11.56
-12.58
-12.92
-13.6
-12.58
-11.9
-13.26
-12.24
-11.9
-9.86
-12.58
-12.24
-10.88
-12.92
-13.6
-13.6
-11.56
-13.6
-12.24
-9.86
-10.54
-13.6
-10.88
-12.92
-11.56
-12.24
-10.54
-12.58
-12.24
-12.92
-10.88
-11.9
-10.88
-9.86
-12.58
-11.22
-12.58
-12.58
-11.56
-10.2
-13.26
-12.92
-12.24
-10.54
-11.56
-13.26
-11.9
-11.56
-11.56
-12.24
-10.88
-12.58
-12.24
-11.9
-12.58
-12.24
-11.22
-10.2
-12.24
-11.22
-13.6
-11.22
-13.6
-11.56
-12.92
-12.24
-12.92
-12.58
-13.6
-11.22
-12.58
-11.9
-13.26
-11.56
-13.6
-12.92
-11.56
-10.54
-11.22
-12.24
-11.56
-12.92
-12.24
-10.54
-12.58
-11.22
-10.88
-10.2
-12.92
-13.6
-12.24
-12.58
-12.24
-10.88
-12.24
-10.54
-10.54
-13.26
-10.88
-10.2
-12.58
-12.92
-10.54
-13.6
-10.88
-12.24
-11.56
-11.56
-11.22
-13.26
-12.92
-10.54
-11.56
-10.88
-12.24
-11.22
-12.24
-12.24
-13.26
-12.92
-10.54
-12.58
-10.54
-12.92
-10.88
-11.56
-10.54
-11.56
-12.92
-12.92
-11.9
-12.24
-11.22
-10.54
-12.24
