2
[0 0 0 0 0 0 1 1 0 0 1 1 0 0 1 0 0 1 0 0 0]
202
[1 1 0 0 0 1 1 0 0 0 1 0 0 0 1 0 0 0 0 0 0]
402
[0 1 0 0 1 1 0 0 0 0 0 0 0 1 1 0 0 0 0 0 1]
602
[1 1 0 0 0 1 1 0 0 0 1 0 0 0 1 0 0 0 0 0 0]
802
[1 1 0 1 0 0 1 0 1 0 0 0 1 0 0 0 0 0 0 0 0]
1002
[0 0 0 1 1 1 0 0 0 0 0 0 0 0 0 0 0 0 1 1 1]
1202
[0 0 0 0 0 0 0 0 1 1 1 0 0 0 0 0 0 0 1 1 1]
1402
[1 0 1 1 0 0 0 1 1 0 0 0 0 0 0 1 0 0 0 0 0]
1602
[0 0 0 0 0 0 1 1 0 1 0 1 0 1 0 0 1 0 0 0 0]
1802
[0 1 0 0 1 1 0 0 0 0 0 0 0 1 1 0 0 0 0 0 1]
2002
[0 0 0 0 0 0 0 0 1 1 1 0 0 0 0 0 0 0 1 1 1]
2202
[1 1 0 1 0 0 1 0 1 0 0 0 1 0 0 0 0 0 0 0 0]
2402
[1 0 0 1 1 0 0 0 1 1 0 0 0 0 0 0 0 0 1 0 0]
2602
[1 1 0 0 0 1 1 0 0 0 1 0 0 0 1 0 0 0 0 0 0]
2802
[1 1 0 1 0 0 1 0 1 0 0 0 1 0 0 0 0 0 0 0 0]
3002
[0 0 0 0 0 0 1 0 1 1 0 0 1 1 0 0 0 0 1 0 0]
3202
[1 1 0 0 0 1 1 0 0 0 1 0 0 0 1 0 0 0 0 0 0]
3402
[1 1 0 0 0 1 1 0 0 0 1 0 0 0 1 0 0 0 0 0 0]
3602
[1 1 0 0 0 1 1 0 0 0 1 0 0 0 1 0 0 0 0 0 0]
3802
[1 1 0 0 0 1 1 0 0 0 1 0 0 0 1 0 0 0 0 0 0]
4002
[1 0 1 0 1 0 0 1 0 1 0 0 0 0 0 0 1 0 0 0 0]
4202
[1 1 0 0 0 1 1 0 0 0 1 0 0 0 1 0 0 0 0 0 0]
4402
[1 1 0 1 0 0 1 0 1 0 0 0 1 0 0 0 0 0 0 0 0]
4602
[1 1 0 1 0 0 1 0 1 0 0 0 1 0 0 0 0 0 0 0 0]
4802
[1 1 0 0 0 1 1 0 0 0 1 0 0 0 1 0 0 0 0 0 0]
5002
[1 1 0 1 0 0 1 0 1 0 0 0 1 0 0 0 0 0 0 0 0]
5202
[1 1 0 0 0 1 1 0 0 0 1 0 0 0 1 0 0 0 0 0 0]
5402
[1 1 0 0 1 0 1 0 0 1 0 0 0 1 0 0 0 0 0 0 0]
5602
[1 1 0 0 1 0 1 0 0 1 0 0 0 1 0 0 0 0 0 0 0]
5802
[1 1 0 0 0 1 1 0 0 0 1 0 0 0 1 0 0 0 0 0 0]
6002
[1 1 0 0 0 1 1 0 0 0 1 0 0 0 1 0 0 0 0 0 0]
6202
[1 1 0 0 0 1 1 0 0 0 1 0 0 0 1 0 0 0 0 0 0]
6402
[1 1 0 1 0 0 1 0 1 0 0 0 1 0 0 0 0 0 0 0 0]
6602
[1 1 1 0 0 0 1 1 0 0 0 1 0 0 0 0 0 0 0 0 0]
6802
[1 1 0 1 0 0 1 0 1 0 0 0 1 0 0 0 0 0 0 0 0]
7002
[1 1 0 0 1 0 1 0 0 1 0 0 0 1 0 0 0 0 0 0 0]
7202
[1 1 0 0 0 1 1 0 0 0 1 0 0 0 1 0 0 0 0 0 0]
7402
[1 1 0 0 0 1 1 0 0 0 1 0 0 0 1 0 0 0 0 0 0]
7602
[1 1 0 0 1 0 1 0 0 1 0 0 0 1 0 0 0 0 0 0 0]
7802
[1 1 0 0 1 0 1 0 0 1 0 0 0 1 0 0 0 0 0 0 0]
8002
[1 1 0 0 1 0 1 0 0 1 0 0 0 1 0 0 0 0 0 0 0]
8202
[1 1 0 0 1 0 1 0 0 1 0 0 0 1 0 0 0 0 0 0 0]
8402
[1 1 0 0 1 0 1 0 0 1 0 0 0 1 0 0 0 0 0 0 0]
8602
[1 1 0 1 0 0 1 0 1 0 0 0 1 0 0 0 0 0 0 0 0]
8802
[1 1 0 0 0 1 1 0 0 0 1 0 0 0 1 0 0 0 0 0 0]
9002
[0 1 0 1 1 0 0 0 0 0 0 0 1 1 0 0 0 0 1 0 0]
9202
[1 1 0 0 1 0 1 0 0 1 0 0 0 1 0 0 0 0 0 0 0]
9402
[1 1 0 0 1 0 1 0 0 1 0 0 0 1 0 0 0 0 0 0 0]
9602
[1 1 0 1 0 0 1 0 1 0 0 0 1 0 0 0 0 0 0 0 0]
9802
[1 0 0 1 1 0 0 0 1 1 0 0 0 0 0 0 0 0 1 0 0]
10002
[1 1 0 0 0 1 1 0 0 0 1 0 0 0 1 0 0 0 0 0 0]
10202
[1 1 0 0 0 1 1 0 0 0 1 0 0 0 1 0 0 0 0 0 0]
10402
[1 1 0 1 0 0 1 0 1 0 0 0 1 0 0 0 0 0 0 0 0]
10602
[1 1 0 1 0 0 1 0 1 0 0 0 1 0 0 0 0 0 0 0 0]
