Layer: dense
Weights: [[-0.19204715  0.05105973  0.01656733 ... -0.14664912 -0.06487741
  -0.06370967]
 [-0.01928611  0.1810278   0.19022301 ... -0.09950537  0.11832508
  -0.03953648]
 [ 0.02882008 -0.08471696 -0.14239013 ... -0.05360964  0.07575554
   0.1787099 ]
 ...
 [-0.02017614  0.20060322 -0.12313985 ... -0.1179928   0.01551674
   0.13161679]
 [-0.06732246  0.18545663  0.05744236 ... -0.1882408  -0.00967847
   0.14904241]
 [ 0.05825324 -0.06718808 -0.07378925 ...  0.08759257 -0.19963382
   0.13858709]]
Biases: [-6.08890224e-03  4.81764637e-02  8.91083628e-02 -3.93283442e-02
  1.00920461e-02  2.62356579e-01 -5.19610615e-03 -3.64404730e-03
 -3.01081985e-02 -2.22993665e-03  3.76438047e-03  2.54303943e-02
 -2.00235681e-03 -2.34074835e-02 -1.92942861e-02 -9.22658294e-03
  6.28707260e-02 -6.32506749e-03  4.63097682e-03 -1.25368265e-02
 -1.02523481e-02  2.05860008e-02  8.33600089e-02  7.18189105e-02
 -4.17604949e-03  1.05367810e-01  2.25942299e-01 -2.72830389e-02
 -8.30764719e-08 -1.31779527e-02  8.43473431e-03 -9.40942485e-03
  7.25450879e-03  4.19652881e-03  3.39026004e-02  5.56117557e-02
  5.01342639e-02  1.44969998e-02  2.04406306e-01 -2.02782685e-03
  5.70357894e-04 -1.47304069e-02  8.08784515e-02  1.32744655e-01
  1.55051768e-01  2.50069737e-01 -3.16032097e-02 -2.13744841e-03
  1.12368716e-02  6.61149845e-02 -8.11384339e-03  1.21569268e-01
  1.72884297e-02  4.77258302e-02 -1.03110448e-03 -1.82657298e-02
  8.45044758e-03 -1.69501510e-02  2.33337954e-01  1.29806791e-02
  1.99983969e-01  3.67905647e-02 -8.27764068e-03 -5.89482188e-02
 -8.17328412e-03  1.71999469e-01  1.41856596e-01 -1.41899305e-04
 -2.17280234e-03 -7.92891346e-03  4.98318002e-02  2.09612362e-02
  1.37556612e-01  6.44613057e-02  4.61585931e-02 -7.25926366e-03
  2.07062345e-03  1.30122006e-01  6.04733415e-02  2.72962190e-02
 -4.54011858e-02 -8.61781836e-03  3.21914554e-02 -3.47571746e-02
 -7.28636980e-03  1.03393093e-01 -1.45810787e-02  7.52788335e-02
 -4.64596378e-04  7.78407753e-02  1.93865821e-02  1.94457054e-01
 -8.35070387e-03  1.37849376e-01  1.05125979e-01 -2.11286619e-02
  1.14367169e-03  3.49823423e-02 -8.40265147e-06  3.39718908e-02
  1.28641143e-01 -4.75685745e-02  7.86110312e-02  9.71292853e-02
  8.20470899e-02 -5.08311465e-02 -1.87215339e-02  9.94865373e-02
 -3.19099315e-02  8.95278179e-04 -1.30495941e-02  1.75051361e-01
  2.89357211e-02 -9.01213568e-03  3.78385819e-02  4.54042144e-02
 -1.50851076e-02  1.02526546e-02  1.41780287e-01  1.13917805e-01
  5.06183971e-03  1.54313659e-02  7.48674560e-04 -8.59120488e-03
  1.09768517e-01 -3.89855914e-02 -2.53923740e-02  1.47370607e-01]
Layer: dense_1
Weights: [[-0.02781755  0.1442525  -0.02443598 ...  0.12915647  0.16900496
   0.05586166]
 [ 0.09019003  0.0122881  -0.16091292 ... -0.01332853  0.14873385
   0.11723798]
 [ 0.08283662 -0.04854136 -0.11821377 ...  0.08199752 -0.11177713
  -0.13069128]
 ...
 [ 0.01952621 -0.1600231   0.03094232 ... -0.14095016  0.15630555
  -0.05602258]
 [-0.143144    0.06418628 -0.07552075 ...  0.10250038 -0.13292333
  -0.01779614]
 [-0.05478781  0.12785324  0.07744873 ...  0.15019542  0.0437457
   0.11835073]]
Biases: [ 1.82733700e-01  4.95006293e-02  2.34539155e-03 -2.82139126e-02
 -1.38152596e-02  2.14534178e-02 -7.24807428e-03  9.60630365e-03
  2.36786380e-01  4.74861562e-02 -5.94141893e-02  3.90814617e-03
 -5.79029210e-02 -5.44338711e-02  1.20789558e-01  2.40003139e-01
 -2.19460670e-03  2.08019931e-02  6.30841707e-04  2.94303317e-02
 -4.32118848e-02  7.68488348e-02 -1.23150609e-02  2.65162122e-02
  1.69007306e-03 -1.03429435e-02  1.24745391e-01  2.40194634e-01
 -1.10260220e-02 -5.38049918e-03  1.69526265e-06 -1.24117788e-02
  3.19165230e-01 -6.24875687e-02  3.08165625e-02 -3.92056629e-02
  2.25804999e-01  7.64329210e-02 -3.50645706e-02  1.52797297e-01
 -3.30638625e-02 -1.42048886e-02  1.01160489e-01  3.92743826e-01
  1.90862187e-03  1.13107085e-01  1.15758404e-01  4.04173769e-02
 -1.27916783e-02 -2.18566544e-02  1.22335114e-01  1.60603985e-01
  1.16275929e-01  1.94116145e-01 -2.92654242e-02 -1.59889348e-02
  5.15063934e-04  1.27681255e-01 -2.07472481e-02 -2.14721058e-02
  3.33338588e-01  1.44850045e-01  3.36775603e-03 -1.61190052e-02]
Layer: dense_2
Weights: [[-1.99439839e-01  3.63236815e-01  2.01880977e-01  1.90223809e-02]
 [ 1.37340963e-01  8.82025585e-02 -2.88301349e-01 -1.00047864e-01]
 [-1.45894766e-01  1.13914736e-01 -2.92885154e-01  2.71082520e-01]
 [-3.93982381e-02 -6.63331151e-02  2.44575813e-01 -2.26710334e-01]
 [-2.73928970e-01 -1.59917012e-01 -1.97640568e-01 -1.56440437e-01]
 [-5.31389453e-02  1.98666915e-01  2.91556001e-01 -1.87133905e-02]
 [ 2.86336273e-01 -2.10218534e-01 -1.99919924e-01 -1.16808212e-03]
 [ 1.46471769e-01  5.74655756e-02 -2.32355446e-01 -2.19237506e-01]
 [ 2.08934829e-01  4.41441536e-01  1.87075436e-02  4.06945124e-02]
 [ 2.04488158e-01  9.40371975e-02  4.63216193e-02 -2.23521486e-01]
 [-1.48162786e-02 -1.23627387e-01  2.45209813e-01  9.91454273e-02]
 [-1.66548565e-01  8.11025500e-02  7.58699607e-03  1.56671211e-01]
 [ 1.67793334e-01 -1.80788144e-01  8.80399160e-03  5.86298779e-02]
 [ 2.69915521e-01 -5.48349097e-02 -2.89036810e-01 -1.56170756e-01]
 [ 1.13672666e-01  1.95953593e-01 -1.80953830e-01  1.37014672e-01]
 [ 1.20187424e-01  3.67610902e-01 -1.50791004e-01 -1.33826146e-02]
 [-2.22724840e-01  5.82938828e-03 -6.73740357e-02  2.79801875e-01]
 [-1.64116114e-01  2.67847270e-01 -7.51273409e-02  1.49718896e-01]
 [-7.37673789e-02 -1.77452117e-01 -1.87635794e-01 -8.35974365e-02]
 [-2.21116126e-01  4.73116040e-02 -1.31760329e-01 -1.26966357e-01]
 [ 1.22070074e-01 -6.46718070e-02 -7.25595281e-03 -1.38171583e-01]
 [-2.62183279e-01  1.12903789e-01  2.73711979e-01 -1.69263825e-01]
 [ 2.02302188e-01 -1.15760654e-01 -9.22529027e-02 -2.51398772e-01]
 [-2.29769841e-01  1.49831876e-01  2.19421322e-03  2.52349138e-01]
 [ 2.16363356e-01  1.77444860e-01  4.29799296e-02  4.68533337e-02]
 [ 4.99108769e-02 -8.22644234e-02 -7.63794929e-02 -1.92207590e-01]
 [ 5.04296459e-02  2.28375524e-01 -1.12097093e-03 -3.22880335e-02]
 [-2.53736854e-01  4.59647506e-01 -2.42986128e-01  1.98987588e-01]
 [ 9.21634436e-02 -1.29905418e-01  1.76843673e-01 -2.37589583e-01]
 [ 2.27174312e-01  1.52648529e-02 -1.33615479e-01  1.54211298e-01]
 [ 1.59473062e-01 -2.23562010e-02 -9.95288603e-03 -2.87435055e-01]
 [ 2.35004202e-01 -1.49987847e-01  2.82345802e-01  1.68609638e-02]
 [-3.12562101e-02  5.08469403e-01 -1.42852128e-01 -1.77671924e-01]
 [-7.53571792e-03 -1.26921028e-01  8.65164474e-02 -1.57755852e-01]
 [-2.83605367e-01  1.88388079e-01  4.85593714e-02  2.02817172e-01]
 [ 1.24583833e-01 -1.17907755e-01 -1.55204162e-01 -4.15249020e-02]
 [-2.81945169e-01  4.49864388e-01 -2.74637550e-01  2.53459424e-01]
 [ 2.33063623e-02  1.68648466e-01  2.21553355e-01 -9.19880420e-02]
 [ 1.65349871e-01 -2.55004972e-01  1.17801338e-01  2.11715698e-01]
 [ 7.17815086e-02  3.61723691e-01  4.52764109e-02  1.96851313e-01]
 [-2.20466271e-01 -1.90001547e-01 -7.22608194e-02  2.30177352e-03]
 [-8.25136006e-02 -2.48266146e-01 -2.51152903e-01 -9.39931273e-02]
 [-1.12166815e-01  1.52096927e-01  5.69610915e-04 -2.63165325e-01]
 [ 2.56242692e-01  6.31244183e-01 -2.97442168e-01 -1.69594273e-01]
 [ 1.75664917e-01  1.15138061e-01  1.37263432e-01  2.08923638e-01]
 [-1.70693934e-01  2.01603904e-01 -8.88636932e-02 -2.02378154e-01]
 [ 1.82867602e-01  1.92308769e-01  1.11512817e-01 -2.27237597e-01]
 [ 4.97125350e-02  1.88014254e-01  2.63412923e-01 -9.29127932e-02]
 [-1.97648823e-01 -6.48885742e-02  1.06430955e-01 -1.66420192e-01]
 [ 2.18180448e-01 -2.57828742e-01  2.84822464e-01 -1.78445697e-01]
 [ 6.33366918e-03  2.11968318e-01  1.38055459e-01 -2.79517949e-01]
 [-2.91526794e-01  3.18950057e-01  6.11602776e-02 -1.57391265e-01]
 [-9.53717902e-02  1.79487571e-01  2.28920698e-01 -2.82590449e-01]
 [-2.65366882e-01  3.01569402e-01 -2.31963113e-01  9.60326046e-02]
 [ 2.91587174e-01 -1.38645336e-01  6.92421617e-03  1.05718009e-01]
 [-1.65640831e-01 -1.81942537e-01 -1.56474765e-02  2.43782967e-01]
 [-5.99068403e-02 -2.56543279e-01 -2.08564252e-01  7.64549673e-02]
 [-2.92386234e-01  2.54111141e-01  1.47176161e-01 -3.40591110e-02]
 [ 8.59596282e-02  1.83358006e-02  1.06534071e-01  2.48364165e-01]
 [-1.50034755e-01 -2.29848191e-01  2.43407845e-01 -2.56216109e-01]
 [-2.40159765e-01  5.28076053e-01 -1.74136385e-02 -2.66438574e-01]
 [ 1.70861006e-01  3.58634681e-01  1.79691344e-01  6.09563552e-02]
 [-7.62932971e-02  7.96114057e-02 -1.15515828e-01  1.45164831e-02]
 [ 6.36070371e-02 -5.01712598e-02 -2.11649342e-03 -1.70830384e-01]]
Biases: [-0.01341921  0.96269363 -0.05838301 -0.08952595]
Layer: dense_3
Weights: [[-8.0577075e-02 -1.8631545e-01 -3.4487313e-01 -2.4159482e-01
  -3.4841806e-01 -8.8768333e-02  3.7882546e-01 -2.9363251e-01
   2.1368849e-01  9.8099805e-02  3.2603107e-02 -1.9000328e-01
   3.5365519e-01  1.0847793e-02  3.5089549e-01  3.1553641e-02
  -4.8312962e-01 -1.9187723e-01 -4.7747195e-01 -2.1046838e-01
   4.3900046e-01]
 [ 1.0085062e+00  1.1386920e+00 -5.5056119e-01 -2.4902666e-01
  -1.9643539e-01 -1.9727492e-01  2.4042495e-03 -3.8277444e-01
  -2.3512101e-02 -1.9837338e-01 -1.5664653e-01 -2.3137362e-01
  -3.5294965e-01 -2.2016612e-01 -1.7845814e-01 -5.4193002e-01
  -4.7272456e-01 -3.4314340e-01 -2.9596260e-02 -4.1856658e-01
  -4.0724050e-02]
 [ 5.5144145e-04 -2.6534989e-01  3.4278700e-01 -2.7194247e-01
   1.0516352e-01  3.5021478e-01  5.0541308e-02 -3.2042277e-01
   6.2254727e-02  3.3827162e-01  1.2592615e-01 -7.4258656e-03
   5.1786046e-02  1.2015048e-01  7.6880299e-02 -3.6271453e-01
   1.8279196e-01  3.9277670e-01 -4.6198609e-01  5.3640559e-02
  -4.2704833e-01]
 [-4.2265862e-01 -4.5200652e-01 -3.2209632e-01 -1.8637826e-01
   1.6059701e-01  3.5173756e-01 -3.3022922e-02 -2.1938710e-01
  -2.6177731e-01  4.1095799e-01 -8.4224362e-03  4.1934127e-01
  -7.4618988e-02  1.8078224e-01 -7.6719090e-02 -2.7996242e-02
  -1.8336858e-01 -3.1473160e-01 -2.5165036e-02  3.7773919e-01
   1.0986377e-01]]
Biases: [ 4.117823    2.563141   -0.31647345 -0.34490255 -0.35298747 -0.35369012
 -0.3918919  -0.3295328  -0.38510364 -0.3536319  -0.35909456 -0.3481826
 -0.3336693  -0.34988353 -0.35568663 -0.31596574 -0.32241356 -0.33508176
 -0.3823841  -0.32736716 -0.38035032]
