-2.5776973048068013
-2.577697304806806
-2.577697304806808
-2.577697304806808
-3.2272801343445927
-3.2272801343445927
-3.227280134344596
-3.2272801343446025
-3.2810889132455436
-3.635974689730215
-3.63597468973022
-3.754704043268941
-3.754704043268941
-3.754704043268941
-3.754704043268948
-3.754704043268948
-3.828427124746189
-3.8914528448080135
-3.8914528448080135
-3.8914528448080135
-3.8914528448080135
-3.8914528448080135
-3.8914528448080183
-4.154638904271077
-4.239794049932101
-4.239794049932103
-4.2397940499321045
-4.2397940499321045
-4.239794049932106
-4.239794049932106
-4.262584101272957
-4.262584101272957
-4.262584101272957
-4.262584101272957
-4.262584101272957
-4.262584101272958
-4.262584101272962
-4.262584101272964
-4.262584101272964
-4.262584101272964
-4.2625841012729655
-4.262584101272967
-4.262584101272967
-4.262584101272967
-4.3778732801778
-4.566379469561721
-4.654986914831639
-4.719723837886084
-4.719723837886086
-4.74102540378444
-4.741025403784448
-4.741025403784448
-4.74221849898484
-4.742218498984848
-4.93581374618743
-4.935813746187433
-4.9358137461874385
-5.012371919021177
-5.012371919021177
-5.012371919021177
-5.012371919021177
-5.012371919021179
-5.012371919021179
-5.012371919021179
