-14.248086285334676
-9.876015664853526
-6.4904193804141705
-2.9261078782383687
-9.079352134346653
-9.962368275608874
-9.30757462229988
-10.110322730271548
-70017.23719381155
-980000.4587623583
-990000.248395592
-1000000.0
-990000.253404547
-980000.545487416
-1000000.0
-1000000.0
-990000.3128339897
-1000000.0
-1000000.0
-990000.28935092
-990000.28935092
-990000.28935092
-990000.28935092
-990000.28935092
-990000.28935092
-990000.28935092
-1000000.0
-1000000.0
-980000.5190890218
-980000.5190890218
-980000.5190890218
-970000.7756526427
-960001.0394564227
-960001.0394564227
-960001.0394564227
-950001.3484218854
-950001.3484218854
-940001.6221955407
-900002.7647473913
-870003.5249184773
-800005.5353444756
-660009.4887132826
-290018.79857143445
-190019.3968465891
-70021.1696849598
-970000.7912790101
-870003.5800587432
-730007.8963518643
-630010.8974270887
-340019.58024697646
-310017.1366478703
-310015.78769634926
-240016.3923218792
-200016.14256015356
-100018.53988092998
-19.5985768556703
-60018.14440693181
-18.044078231766974
-17.494201149238705
-17.339561765751924
-390015.9474266932
-320013.79242486286
-340012.4961290461
-280013.3969333068
-230013.58969348558
-130015.47271831227
-260010.9873721737
-140013.53838470075
-70015.56790148462
-40015.52768019648
-17.06153539613913
-16.62461756347684
-15.685006490987478
-16.477157240207873
-13.886754554054495
-13.815520679438448
-13.967452689725116
-14.03137155086112
-12.701224778727134
-12.946248166087456
-12.752481394146002
-13.26399019922482
-13.169270732456996
-12.413160068123148
-13.09576492327932
-12.224704909124295
-11.800171811395941
-12.083522180663138
-12.01623253659862
-11.349833622819654
-11.033380524567088
-11.592225072587885
-11.949521297658121
-11.858675837814118
-11.599242783752976
-11.91634465947502
-11.491513374492497
-11.413760970919183
-10.90820007346423
-11.842881216153089
-11.590554366263095
-11.204573803700955
-11.379979444362272
-10.646202923652142
-10.443575120894886
-10.72435642278552
-10.326671594848086
-11.002524373426292
-11.041878354831237
-11.207095728722877
-11.535048738288186
-11.128073724949664
-10.930039568628008
-10.118575134234465
-10.666631263433931
-10.449155783924658
-10.598050985350069
-10.740887897430921
-10.070713642753546
-10.836027508389789
-10.327919553199065
-10.209116598641833
-10.568873565582056
-9.524432875679318
-10.103701762014394
-10.560665471031392
-10.103148378142155
-9.810754652081785
-10.318079726897977
-9.707016374317252
-10.083391706324697
-10.845246246119968
-10.750356190655365
-10.050881953938092
-10.216691687505055
-10.297848501878667
-10.287000916802691
-9.634452040247664
-10.76412450190873
-10.46835192805952
-9.769053392536058
-10.1747703600258
-10.557400365807956
-10.269779436504638
-9.782312219404593
-10.3933741185149
-9.873690731928098
-10.186046954479682
-10.022984394518836
-10.114468478264216
-9.674465345330855
-9.930047443290185
-9.493012719649506
-10.076583635178217
-9.519117610516123
-9.97678113805444
-9.946140845109678
-9.85062840791372
-10.061618725128694
-9.611537907045756
-10.144315178964435
-9.84570012057622
-9.31506834246959
-9.753687214326316
-9.439942070554217
-9.524676018985733
-9.410472344939542
-9.489407680956615
-9.914249521675078
-9.422411140083213
-9.882286378269637
-10.102323687062583
-9.409644581586676
-9.697763583788525
-9.979462351180835
-9.458488491059937
-10.002844135292868
-9.706055768384136
-9.538917033168225
-9.73772614642919
-10.001986103256199
-9.706845707908663
-10.250792151398008
-9.949493924100896
-9.141260447316157
-9.322093865934551
-10.03061402848575
-9.557943894042884
-9.67554690582601
-9.827866232015843
-9.75611773534718
-9.537017104353453
-9.728190859328283
-9.79062176529051
-9.954412448267288
-10.227023452941971
-9.631601166838948
-9.70600180438343
-9.461776474935846
-9.991261774638687
-9.627939838889986
-9.971967793117818
-9.678577982397437
-10.26462191191106
-9.613035667836737
-9.275251345795676
-9.2352334519365
-9.802005461527777
-9.27405401394045
-10.023842224234205
-9.990702737452914
-9.537736467813843
-9.553337924115446
-9.56142417848363
-9.961668193554091
-9.788526104561894
-9.245712614102985
-9.834529511619055
-9.466492026156988
-9.61133864201453
-9.907992426327171
-9.953914201557115
-9.542865887036715
-9.816988806397823
-10.179965370664762
-9.597923666205924
-9.515667362602754
-9.346532887486672
-9.27017942742782
-9.172510817377198
-9.900375146068734
-10.020593641609839
-9.613272646010872
-9.911845627007166
-9.08268827953756
-9.465101281983573
-9.68558751061817
-9.75565088105011
-9.847106151849811
-9.080835357468448
-9.767017052759336
-9.323001602181034
-9.977506274106426
-9.667273543694735
-9.429312747438564
-9.547821827529399
-9.490164585384525
-9.749814130271023
-9.180598283007361
-9.36282560730168
-9.735868210799026
-9.632635471814949
-9.253052352949865
-9.745051116232919
-9.329548001689291
-9.316398075761436
-9.708088986343753
-9.365948041064618
-9.261964457863705
-9.266199299486603
-9.622367529739666
-9.467534421524048
-9.060284105689588
-9.808172293224434
-9.960669727152863
-9.364357682436408
-8.92190182855876
-9.407443981084686
-9.461127757077602
-9.498912893639334
-8.944312097372755
-9.12950884797009
-8.881038485689313
-9.454708594547606
-9.72300625322813
-8.948831416363843
-9.199240983961218
-9.96606849644852
-9.315023311619091
-9.409493120277462
-9.488464879057378
-9.78975193936828
-9.301117149299937
-9.023583071638742
-9.230409921101758
-9.162422843071253
-9.177374296741892
-9.260297267926617
-9.222636395876492
-9.115367112857447
-8.766946892221567
-8.938095634113148
-9.130808835621957
-9.661669481914153
-9.52689014125088
-9.39573463482524
-9.097082761534745
-9.245709428360355
-8.893478259603071
-9.434767360873117
-9.804014381049061
-9.33205079821128
-9.825686429143568
-8.85813227607234
-9.265796227436967
-9.4894496503065
-8.858466257684656
-9.8248163910399
-9.286596440542217
-9.152138830975908
-9.153095517301225
-9.218621320361578
-9.238237742632272
-9.103294264503146
-8.989900601520192
-9.28045662182478
-9.04357554583692
-9.422869654105746
-9.797322903227258
-9.368055260014884
-9.094873480862635
-9.210573238117725
-9.180714688300139
-9.232004318068425
-9.695839387348512
-9.169482551055061
-8.910327702102007
-9.368403787812932
-9.481875233751527
-9.488930808513839
-9.313264986916298
-9.281896866130133
