Layer: dense
Weights: [[-0.11862427  0.1086911   0.14674366 ...  0.10132009 -0.08912423
  -0.11707046]
 [-0.04858515  0.1469653   0.1266921  ... -0.11189102 -0.10570826
  -0.0020899 ]
 [-0.13184257 -0.07901324 -0.03143175 ... -0.1431262   0.14332367
  -0.12347395]
 ...
 [-0.11922611  0.09460869 -0.00202107 ...  0.10809459 -0.0790114
   0.04133755]
 [ 0.11215793 -0.03298794 -0.00983037 ...  0.09678719 -0.09690566
   0.07542128]
 [ 0.11679399  0.14723498  0.13177215 ... -0.00966698  0.0716975
  -0.1171571 ]]
Biases: [ 1.25398077e-02  2.43959250e-03 -7.14417547e-03 -1.29872486e-02
 -5.72280120e-03  1.49158575e-02 -2.96951877e-03 -6.99182128e-05
 -5.71992435e-03  2.06594565e-03  5.50256949e-03 -3.91943473e-03
 -2.34213751e-03 -7.17051653e-03 -1.07301949e-02 -9.19359853e-04
 -8.31353012e-03 -2.91453861e-03  1.51047937e-03 -8.20400845e-03
  2.41937640e-04 -2.30375701e-03 -1.10959392e-02 -1.45043135e-02
 -1.44455712e-02  1.99053015e-04  3.35291261e-03 -6.36964431e-03
  3.52797727e-03 -1.23134907e-02  1.02735069e-02 -5.03519829e-03
 -1.80307566e-03 -4.98265168e-03 -7.73449056e-03 -3.95610137e-03
 -9.91062447e-03  8.97020288e-03 -1.73770338e-02 -1.59809692e-03
 -5.62602933e-03 -3.16349254e-03 -1.53562252e-03  1.46365985e-02
 -4.65519447e-03  7.17373192e-03 -9.56837367e-03 -1.02202939e-02
 -2.43081804e-03  3.22356587e-03 -1.72148144e-03 -2.22431473e-03
  5.58376778e-03 -1.55584440e-02 -1.69304863e-03 -1.25168571e-02
  8.26204475e-03  8.48619919e-03 -1.27675096e-02 -2.98029045e-03
  1.11550242e-02 -6.12169039e-03 -6.79126661e-03  6.74683042e-03
  5.77563234e-03 -1.45780831e-03  4.34428407e-03 -5.97249810e-03
  9.02602263e-03  1.19981096e-05 -8.56164936e-03 -1.34292692e-02
  7.49343261e-03  1.49909232e-03  8.75706133e-03 -9.77929216e-04
 -1.86306853e-02 -1.51510281e-03  8.99518654e-03 -4.45304066e-03
 -1.16455546e-02 -1.69410352e-02 -8.38672370e-03 -1.34353049e-03
 -1.52039714e-03 -1.88445710e-02 -1.62221317e-03 -1.35963913e-02
  2.22117244e-03  6.79919356e-03 -5.61397756e-03  6.85955817e-03
  6.51490595e-03 -4.75058146e-03  2.46996572e-03  9.74449515e-03
 -1.30862398e-02 -3.33235669e-03  2.78494544e-02 -8.85156542e-03
  4.99965530e-03 -2.65653222e-03  1.64712258e-02 -1.18651617e-04
  1.08736726e-02 -1.11318332e-04  6.43187109e-03 -1.14012184e-03
  1.14824502e-02 -8.74616392e-03  3.30703426e-03  2.64853192e-03
 -4.80573764e-03  5.66930929e-03 -1.48417139e-02 -8.51826929e-03
  2.21006246e-03 -8.83210357e-03  8.69947951e-03 -6.69740606e-03
  1.02394773e-02  9.91927111e-04  9.55113675e-03  2.08792780e-02
 -6.81393128e-03  7.42150936e-03 -1.21408300e-02  1.53676728e-02]
Layer: dense_1
Weights: [[-0.07766683 -0.11016405 -0.09941483 ...  0.06696379  0.15340556
  -0.06428553]
 [ 0.08622962 -0.09913367 -0.06243026 ...  0.05173793  0.01970158
   0.13584818]
 [ 0.0294464  -0.1356793  -0.01017547 ... -0.01164443 -0.16319953
   0.00378821]
 ...
 [-0.16672638 -0.15860625 -0.04552843 ... -0.08930563 -0.10124214
   0.17035426]
 [ 0.11070349 -0.13558702  0.00819707 ...  0.10883715  0.00276999
  -0.10338205]
 [-0.09648389 -0.15187676 -0.14621279 ...  0.10642418  0.11985818
  -0.07316071]]
Biases: [-0.00520521 -0.03205154 -0.01199689 -0.02351729  0.00291587  0.01028211
 -0.00104957 -0.02606189 -0.01063704  0.01562855 -0.04016696 -0.02537836
 -0.01675167  0.00272916 -0.00993328 -0.00530663 -0.00017784  0.00868563
  0.01545095 -0.0228091  -0.02916123  0.01867269 -0.00036441 -0.00690182
  0.00722719 -0.04597094  0.00887674  0.0324441   0.01041007 -0.01448102
  0.00149883  0.039736   -0.00804044  0.00721684  0.00140111 -0.01662221
 -0.0091152   0.03689141  0.00205188 -0.04078606 -0.0078431   0.02233323
 -0.02319242  0.00132911 -0.00027575 -0.0050768  -0.00082041 -0.00542848
 -0.00845813 -0.00818742  0.01798223 -0.01613027 -0.0216655  -0.02332786
 -0.00229293  0.00063789  0.00512412  0.01796333 -0.00167962  0.01930097
  0.03513654 -0.04278989 -0.01349662  0.02479087]
Layer: dense_2
Weights: [[ 2.40402505e-01 -1.29299611e-01 -2.53319055e-01  2.74022996e-01]
 [ 1.58163369e-01  8.59257653e-02  2.70350844e-01 -4.61172983e-02]
 [ 5.66760711e-02 -2.40408018e-01  1.06006660e-01 -5.72047313e-04]
 [ 1.54631808e-01 -6.62180549e-03  2.03467533e-01  7.84912035e-02]
 [ 2.91254342e-01  1.15171380e-01 -1.41569618e-02 -1.32587761e-01]
 [ 4.02848907e-02 -2.42940396e-01 -7.59528652e-02 -9.37126651e-02]
 [-1.94826946e-01  2.88726151e-01  1.33418307e-01 -2.57241428e-02]
 [ 1.09280497e-01 -1.25134528e-01  9.74293351e-02  5.94116189e-02]
 [ 2.77193606e-01  2.79098600e-01  1.73246115e-01  1.03173040e-01]
 [-1.21473856e-01  1.18546449e-01  1.35726362e-01 -2.73098499e-01]
 [ 2.34154940e-01 -4.92152805e-03  2.23322034e-01  6.90458193e-02]
 [-1.70267329e-01  8.62960517e-02 -3.09492182e-03  2.69302934e-01]
 [-2.20590889e-01 -2.76307195e-01  1.31196201e-01  2.39867568e-02]
 [ 1.98196292e-01 -2.74482369e-01 -1.19824469e-01 -2.11325318e-01]
 [-2.23150879e-01 -5.27789183e-02 -1.20486066e-01  2.00150728e-01]
 [ 2.60252482e-03 -2.76181042e-01 -3.56442742e-02 -4.28153062e-03]
 [ 2.70238519e-02 -7.40503073e-02 -2.50415176e-01  1.89508200e-01]
 [-3.66564132e-02  2.64015436e-01 -2.72289872e-01 -2.00897649e-01]
 [-2.50443131e-01  1.83207572e-01 -2.48872072e-01  4.63377312e-02]
 [-9.87176895e-02  1.84753552e-01  7.69007877e-02  2.70372510e-01]
 [ 8.36151764e-02 -2.54949987e-01  2.48245493e-01 -5.89533895e-02]
 [ 1.26527369e-01 -1.07643222e-02 -2.26572424e-01 -9.53628346e-02]
 [ 1.48042142e-02 -1.39957309e-01  1.08618999e-03 -5.33075556e-02]
 [ 2.90756404e-01  2.50907540e-01  1.71885639e-01 -5.90804592e-02]
 [ 1.29876718e-01 -2.88455516e-01 -2.42927432e-01 -6.23809397e-02]
 [ 2.34998822e-01 -2.71753192e-01  2.56562471e-01  6.48577586e-02]
 [-2.52283782e-01 -1.66237518e-01 -5.05744219e-02 -4.08327356e-02]
 [ 8.55411291e-02  2.50340402e-01 -2.54597545e-01 -2.40344014e-02]
 [-2.12147869e-02  5.14491694e-03 -1.48821875e-01  3.10346168e-02]
 [ 6.61316663e-02 -1.74032003e-02  2.00656086e-01  1.85118631e-01]
 [ 4.87563163e-02 -6.45353198e-02 -1.72887087e-01  2.00158402e-01]
 [-1.94991097e-01  1.81079030e-01 -2.28613615e-01 -3.75653021e-02]
 [-1.17993578e-01  1.95380345e-01  2.36200392e-01 -1.75558656e-01]
 [-2.31986254e-01  1.70799986e-01 -1.16598375e-01  1.41500920e-01]
 [-1.85709968e-02  1.68692887e-01  1.28638908e-01 -1.18281394e-01]
 [-8.17422718e-02  2.24041399e-02  1.40066713e-01  1.40234381e-02]
 [-1.25722051e-01 -2.84537703e-01  8.49224441e-03  2.94622421e-01]
 [ 1.83032811e-01 -6.25272468e-02 -2.03604370e-01 -2.45792478e-01]
 [ 7.38792866e-02 -2.57014573e-01 -1.51164547e-01  2.03141555e-01]
 [ 1.35017693e-01 -2.41399527e-01  2.20588237e-01 -3.00582852e-02]
 [ 2.85894305e-01 -2.43733063e-01 -9.49868634e-02  8.91746283e-02]
 [-9.11896899e-02 -2.44090453e-01 -1.86223194e-01 -2.22200751e-01]
 [ 7.17800930e-02  8.92645195e-02 -8.15197602e-02  2.06010804e-01]
 [ 2.32700810e-01 -2.53073901e-01 -1.54560551e-01  3.93822044e-03]
 [ 1.64668977e-01 -5.71572334e-02  1.99483678e-01 -1.49744391e-01]
 [ 9.44217071e-02 -2.57456750e-01  2.27908060e-01 -2.08156273e-01]
 [ 2.74793565e-01  5.83833382e-02  1.14860259e-01 -2.08946139e-01]
 [ 1.72467217e-01 -2.54031092e-01 -7.31797069e-02  2.43489102e-01]
 [ 1.93073526e-01  2.83890337e-01  1.14999734e-01  1.41797557e-01]
 [-2.56140649e-01 -1.11356020e-01 -8.69878978e-02  1.85959741e-01]
 [-4.79587466e-02  2.20098212e-01 -1.23742007e-01 -1.29076681e-04]
 [ 2.01745793e-01 -1.78710759e-01  2.70672023e-01 -2.42587730e-01]
 [ 6.52396455e-02 -8.81899893e-02  2.48550028e-01  2.19163537e-01]
 [ 6.97873905e-02 -6.04313351e-02  2.25609213e-01  1.46203756e-01]
 [ 1.70397237e-01 -2.21762761e-01  6.99397735e-03 -9.65182185e-02]
 [-9.64790136e-02  1.96269915e-01 -2.48564601e-01  5.53411692e-02]
 [ 1.74109608e-01 -2.30195642e-01 -9.21587124e-02 -1.63155600e-01]
 [-2.28716105e-01 -1.39510050e-01 -1.54117554e-01 -1.72921330e-01]
 [ 1.48540854e-01  5.92241958e-02  1.08612396e-01 -1.74523368e-01]
 [ 1.19588584e-01 -2.04523318e-02 -1.21698618e-01 -1.29273072e-01]
 [ 1.24708548e-01 -2.92312175e-01 -2.04540044e-01 -2.65607446e-01]
 [-2.64885668e-02 -1.90665931e-01  2.61702061e-01  1.89568382e-02]
 [ 6.64617792e-02  2.65809208e-01  2.56524712e-01  1.53989688e-01]
 [-2.13502958e-01 -1.13014206e-01 -2.21768871e-01 -2.29528204e-01]]
Biases: [-0.04215176  0.02498361 -0.14540967 -0.13154939]
Layer: dense_3
Weights: [[-0.01991553]
 [-0.17363644]
 [ 0.49752417]
 [ 1.0203167 ]]
Biases: [-1.5018966]
