-1.3126604322958921
-1.1593377074984796
-1.1352767976376685
-1.1105756028916496
-1.0987405942704564
-1.0834905115300588
-1.0793787636103724
-1.074669401621824
-1.0666934893729385
-1.0588255900955443
-1.0578682671991197
-1.0554486213296648
-1.05161359979303
-1.0488436738684197
-1.0443434148543536
-1.042904108063526
-1.0380681871696569
-1.0378217096921236
-1.0347739435447774
-1.028636839484309
-1.0220582976893018
-1.0204868091110744
-1.0162358473132653
-1.0129953299414998
-1.0107026456574073
-1.0099879671907628
-1.0054461041425835
-1.0035011254651336
-1.0015611535053777
-1.0015611535053777
-1.0015611535053777
-1.0000913689339144
-0.9986278437603993
-0.9960500565396238
-0.9960500565396238
-0.9953316872380054
-0.99438939695722
-0.993524750772806
-0.9894669919975838
-0.987247726348776
-0.9862126154438398
-0.9862126154438398
-0.9838062939466328
-0.9796744727391702
-0.9762206014316819
-0.9722548948629743
-0.9721222315280327
-0.9721222315280327
-0.9720608730096214
-0.9720608730096214
-0.9713881202365942
-0.9713881202365942
-0.9691568053754289
-0.9691568053754289
-0.9679474937609089
-0.9679474937609089
-0.9676844997587868
-0.9676844997587868
-0.9676698055494279
-0.9665452554650207
-0.9665452554650207
-0.9629700961311365
-0.9603624175291201
-0.9594791274022723
-0.954898957112136
-0.954898957112136
-0.954898957112136
-0.9509130297981772
-0.9509130297981772
-0.9509130297981772
-0.9509130297981772
-0.9507716829846347
-0.9498781421858686
-0.945587087498045
-0.945587087498045
-0.9449247494521216
-0.9445629764195949
-0.9422408868081289
-0.9414344921677769
-0.9414344921677769
-0.9407389629941796
-0.9407389629941796
-0.9407389629941796
-0.9407389629941796
-0.940211723563166
-0.9395789375687575
-0.9386045052468073
-0.9386045052468073
-0.9386045052468073
-0.9386045052468073
-0.9380084518348417
-0.9376271405839314
-0.9376271405839314
-0.9376271405839314
-0.9376271405839314
-0.9376271405839314
-0.9376271405839314
-0.9374739025780303
-0.9374739025780303
-0.9362683582447298
-0.9362683582447298
-0.935950270008892
-0.935950270008892
-0.9354475022163242
-0.9349246987975701
-0.9349246987975701
-0.9349246987975701
-0.9349246987975701
-0.9349246987975701
-0.9349246987975701
-0.9349246987975701
-0.9349246987975701
-0.9349246987975701
-0.9341889558751433
-0.9341889558751433
-0.9341889558751433
-0.9341889558751433
-0.9341889558751433
-0.9340369992368633
-0.9340369992368633
-0.9340369992368633
-0.9338856018873443
-0.9328388617211147
-0.9304399034005741
-0.9304399034005741
-0.9304399034005741
-0.9304399034005741
-0.9304399034005741
-0.9304399034005741
-0.9304399034005741
-0.9304399034005741
-0.9304399034005741
