-0.7868304174849357
-0.8225333926408211
-0.8330107449536257
-0.8495216246563757
-0.8514538609854156
-0.8547022646727385
-0.8554681684291552
-0.8630320045397468
-0.8728581477367499
-0.8811596078992778
-0.8920459589569134
-0.8975578379592832
-0.9004154881321966
-0.9095812145459945
-0.9096526909387279
-0.9154922479745125
-0.9202640730302107
-0.9217663390140558
-0.9221807311847527
-0.9271350600641028
-0.9286083260766276
-0.9299939873161236
-0.9302112559272331
-0.9305287073759985
-0.9332248740107474
-0.9342181704341073
-0.9354972195238673
-0.9378390549044866
-0.9419040310493614
-0.9419520472380611
-0.943309759544988
-0.9434488305949458
-0.9434489147093785
-0.9434843149012693
-0.944687948597263
-0.9458364030236055
-0.9460018522537439
-0.9463763928141731
-0.9493472625588311
-0.9500150117839041
-0.9505401676593976
-0.9523065632483707
-0.9540494791413892
-0.9552764400833382
-0.9561297772178818
-0.9563065722927178
-0.9581982326807292
-0.9594460275551739
-0.959767839723753
-0.9607067855729383
-0.9616515936313448
-0.9625998708291945
-0.967130244950539
-0.967375186644901
-0.9710580373153306
-0.973180481237307
-0.9732972195177183
-0.9733115693933314
-0.9734123570616049
-0.9739076190027305
-0.9749725439150865
-0.9753225699831205
-0.9755875695045688
-0.9760228290359692
