-1.3426641782158606
-1.2293430270087953
-1.201003025331026
-1.1933018661814467
-1.1934293049859166
-1.1765016562014934
-1.1682452896692501
-1.1666134308004188
-1.1572374768110227
-1.1515007608941823
-1.1541235263817504
-1.1520975743048611
-1.1605103731698594
-1.1528328326424755
-1.1552418690319224
-1.1513474568775048
-1.1475968100747997
-1.1490903781848696
-1.1479007891350639
-1.1332353365435301
-1.1371392131303666
-1.135187968221934
-1.1295324740671675
-1.1207772814897954
-1.1267876124889624
-1.1265949809418327
-1.1242710556998796
-1.1225182987669737
-1.1202366288913381
-1.1181842791664145
-1.1157088544766003
-1.1198125900139757
-1.1195278022190072
-1.121874711265782
-1.1200575791548044
-1.117746948451732
-1.1101033174211574
-1.1175866625199986
-1.1046453800389613
-1.1142344450733477
-1.1058402822676214
-1.1120317900226542
-1.1090411613348257
-1.1075701049440143
-1.1041396449580005
-1.107979460634522
-1.111869399046852
-1.1003551857673117
-1.1066081244985408
-1.1083169191655908
-1.0922217984783267
-1.1048177973716682
-1.0951122227319794
-1.094688495278594
-1.0976958496538112
-1.1038688297094852
-1.0991641566579293
-1.1060470960359106
-1.0997091201564986
-1.099181425218766
-1.0873295444275097
-1.0927749777985067
-1.0976871903601597
-1.08782052952704
-1.0892166080495707
-1.0924917032734194
-1.0901507103238297
-1.0772012489246783
-1.08253929228116
-1.090110460477935
-1.088613562583817
-1.0856515640319395
-1.0914147879853788
-1.086790783785003
-1.089798191616154
-1.0842246748483662
-1.0727475464633218
-1.0877005786134606
-1.0804844543329428
-1.0887725258531624
-1.0794601231869123
-1.0787080469051222
-1.0774078268911647
-1.0869097997669173
-1.0850204071152405
-1.0782853233739298
-1.0666882831091442
-1.0795310693691662
-1.0840980052425477
-1.0865889746064026
-1.0796845324465991
-1.0842532487939665
-1.0765469072127238
-1.0792456917159483
-1.0852509712206726
-1.078330260937313
-1.0759761569673423
-1.085990648145668
-1.0788399549999375
-1.0878547988666065
-1.0756239319284946
-1.0821241319226318
-1.0805798380856253
-1.0674445485877033
-1.087078919089334
-1.0750866633756173
-1.069908193318168
-1.0807062126099196
-1.0894991092729747
-1.0800641169966254
-1.086179597143567
-1.0797706542636514
-1.0803678858262735
-1.0755878822501883
-1.0614249922351362
-1.0772810882987578
-1.0738296804797263
-1.0812810827540211
-1.0922302608187313
-1.0648152035413472
-1.0779520946316825
-1.0742491130065082
-1.0860212978516282
-1.0724533099169835
-1.0706052628782947
-1.0761934198157006
-1.0850266542678884
-1.0749645278965745
-1.0730591201488666
-1.07403055505827
-1.0801018690312256
-1.0689345142940812
