Layer: dense
Weights: [[-0.06804724  0.08695758 -0.12077202 ...  0.05943802 -0.11836696
   0.09445877]
 [ 0.06359733  0.0794835   0.10550968 ... -0.12436957  0.06591895
  -0.12294648]
 [ 0.05582193  0.08502749  0.08534503 ...  0.12293881 -0.0412514
   0.00961582]
 ...
 [-0.09574488 -0.11992277  0.05495749 ... -0.0398652   0.04706521
   0.03210062]
 [-0.10567012  0.00019385  0.13739139 ... -0.0821747   0.10887165
  -0.10720289]
 [ 0.13805781  0.09137464  0.04432288 ... -0.09668671 -0.06194491
   0.08257992]]
Biases: [ 3.9031464e-05 -4.4869967e-03  3.2260894e-05  1.7526353e-04
  1.1193251e-02  0.0000000e+00  6.1319402e-04  1.2811336e-02
 -1.4422850e-04  1.1556188e-03  1.6063709e-02  1.1388378e-03
  9.2530268e-04 -9.0074632e-04  0.0000000e+00  6.4340951e-03
 -1.1603602e-03  2.6722625e-04  0.0000000e+00  1.2265364e-04
  3.7532195e-04  3.4274938e-04  5.8197947e-03 -1.0281232e-03
 -5.3782557e-04  2.1015487e-03  8.9736432e-03 -4.8884656e-03
  3.0807313e-03  3.7306894e-05 -1.3183829e-03  3.4748919e-05
 -1.9437868e-05  8.4035293e-08  1.5840454e-02 -2.5718269e-04
  1.6260013e-02  3.9282166e-03  1.2897575e-02 -3.1310366e-03
  2.7947640e-03 -2.0998670e-05  6.8583013e-06 -1.9917840e-03
  4.3821307e-03  5.7628044e-05  0.0000000e+00  0.0000000e+00
 -2.4492620e-03 -7.2212581e-04  0.0000000e+00  1.6226660e-02
 -6.3103572e-03 -1.0884956e-03 -1.2750490e-04 -2.7482084e-03
 -3.2365811e-04  5.7824436e-06 -2.3412309e-03 -4.0804790e-04
  2.0799555e-06  1.9214147e-05  2.2915687e-02 -7.0469119e-05
  2.9226055e-03  5.2874460e-04  8.7028585e-04  4.7620810e-03
 -2.8860342e-08 -6.1716820e-04  1.0316683e-03  7.9330546e-04
  2.6603965e-03  4.6426765e-04 -8.5023195e-05  9.3011658e-06
 -3.0947489e-05  4.0388564e-03  1.3801065e-02  3.6069768e-04
 -4.8723225e-03 -1.8206056e-07  7.4455263e-03  5.7542915e-03
 -1.9620890e-03  0.0000000e+00  2.8706898e-03  4.6461620e-03
 -4.4591133e-03 -1.1347326e-04  5.0515722e-04  1.6490481e-03
 -6.5786028e-03  4.4221287e-03 -6.8137976e-03  4.1186879e-03
  8.2488143e-04 -7.6914694e-05  1.8076884e-04  1.0020874e-02
  0.0000000e+00  4.9645809e-05  0.0000000e+00  1.1330237e-04
 -5.5470537e-07 -6.0320552e-08 -5.6463829e-04  3.7196838e-05
 -4.1861221e-04 -5.3892620e-03  2.0178720e-04 -1.7208734e-07
  5.1531888e-04  1.1155681e-02  2.8124568e-04 -1.2000598e-03
  6.5373955e-03  1.9813236e-02  2.5781686e-05  8.7147914e-03
 -7.5929137e-03 -4.4454201e-03 -1.7642688e-04 -5.9552687e-05
  2.1961192e-02 -3.8623263e-04  7.6688486e-03  2.9361672e-03]
Layer: dense_1
Weights: [[ 0.02963791  0.15813565  0.17388295 ...  0.09768033  0.12575807
  -0.17537783]
 [-0.12388141 -0.06536715  0.10907461 ...  0.05602718 -0.11527745
  -0.14614859]
 [-0.04612378 -0.13640001  0.00247882 ... -0.14943804 -0.08453738
  -0.03701436]
 ...
 [ 0.03469764 -0.02111442  0.14935844 ... -0.00784256 -0.15062597
  -0.08302522]
 [ 0.15346901 -0.03418859 -0.10727068 ... -0.07366922  0.08943505
   0.05975331]
 [ 0.04685798 -0.14667033 -0.15552908 ...  0.03307837  0.15465857
   0.01235797]]
Biases: [ 2.6469298e-03  1.9548023e-04  0.0000000e+00  7.7435642e-04
  6.5497095e-03  4.8432330e-06  1.8869166e-03  5.3852960e-05
  6.7976131e-03 -2.3835107e-04  9.3246857e-03  1.6558982e-03
  1.9063087e-02  2.5172792e-03 -7.7652239e-04  1.9671399e-02
  1.8287038e-02 -1.1883601e-06 -2.5252129e-06 -1.8105091e-08
  1.9136410e-03  2.0050840e-03  1.9426796e-03  2.6952999e-02
  0.0000000e+00  0.0000000e+00 -7.9710633e-05  7.7147363e-03
  8.8924530e-04  0.0000000e+00 -7.6279459e-03 -2.6552530e-03
  5.9560644e-03  1.9878363e-03  2.8843942e-05  0.0000000e+00
 -1.1960616e-05  0.0000000e+00 -1.1853698e-03  9.7507483e-04
  0.0000000e+00 -8.9163467e-04 -3.3356347e-03 -9.0955487e-03
  5.2148364e-03 -3.7892986e-04 -9.7717298e-03 -4.5099482e-03
 -1.4023121e-03  2.0080404e-02  9.2417737e-03  1.1772132e-02
 -2.6390911e-03  2.2671759e-02 -2.7714432e-03  2.6987382e-06
 -3.9084339e-06 -5.5140583e-04  8.4696729e-03 -4.9410253e-03
 -3.0030797e-03  1.3943553e-02 -1.3897427e-03 -4.3834478e-04]
Layer: dense_2
Weights: [[-0.11552361  0.30079708 -0.02216207  0.09533773]
 [-0.09080118  0.26525575 -0.2650013   0.01947255]
 [ 0.14162546 -0.10875961 -0.18723822 -0.01350603]
 [ 0.20334722  0.15690134 -0.12763199  0.14336626]
 [-0.09620307  0.14248477 -0.24101146  0.2011271 ]
 [-0.08675127 -0.19282459 -0.1939083   0.02585298]
 [-0.29607663  0.12193411  0.16370592  0.03633471]
 [ 0.281151   -0.16069539  0.2308595  -0.10642881]
 [ 0.08637197  0.08377521 -0.11041875  0.19794503]
 [ 0.19927053 -0.12936656  0.16794379  0.11147758]
 [-0.00815571  0.19952574  0.11372652  0.24224664]
 [ 0.10909792 -0.24300846  0.19765413  0.02807027]
 [-0.12265168  0.22185232  0.09780262  0.39757425]
 [-0.08725902 -0.14185743 -0.2794381  -0.05871615]
 [-0.04899307  0.0630542   0.23525861 -0.00359261]
 [-0.09001371  0.06338076 -0.25629264  0.3972462 ]
 [-0.1680753  -0.15285522 -0.23072125  0.24299803]
 [-0.16815694  0.1925787   0.09681892 -0.15779845]
 [-0.12505749 -0.18364985  0.25214928 -0.26780006]
 [ 0.20499802 -0.07292871  0.22912651 -0.2256358 ]
 [ 0.00427361  0.13185033 -0.12546448 -0.2023054 ]
 [-0.04290449  0.19929206 -0.20617032  0.1220015 ]
 [ 0.18850558 -0.26165724  0.25614685 -0.10276034]
 [-0.00918967 -0.11570235  0.29607707  0.47127265]
 [-0.16693641  0.05628148  0.22630394 -0.03787586]
 [ 0.29394412 -0.0691012   0.00272858  0.16472518]
 [ 0.27659032  0.00500567 -0.09251897  0.05527944]
 [ 0.0081631   0.11261561 -0.12899369  0.17745174]
 [ 0.06565772 -0.26110658  0.09604183  0.18220955]
 [ 0.00677451  0.01119679 -0.02540126 -0.23564038]
 [-0.00806193  0.28796417  0.08061406 -0.03790651]
 [ 0.137931    0.13979204 -0.11476594 -0.09303202]
 [-0.01354303 -0.10595589  0.27857432  0.29162225]
 [-0.08405734 -0.1297676  -0.21579814 -0.02869732]
 [ 0.06186765  0.05435516  0.06936856  0.2580966 ]
 [-0.00126854 -0.0913102   0.02096823  0.05702001]
 [ 0.09529687  0.00735302 -0.00772881 -0.16829048]
 [-0.01581126  0.25317425 -0.09901325 -0.01140755]
 [-0.07796027  0.20291512  0.21219404  0.05118399]
 [-0.28117055 -0.1044706  -0.15400262 -0.05412564]
 [ 0.04610431  0.06653267 -0.10675156 -0.12082176]
 [-0.05069592 -0.01339691  0.26925808 -0.04294925]
 [ 0.20826112 -0.11993176  0.05085812 -0.16313663]
 [ 0.05084044 -0.15012987  0.15046793 -0.15727046]
 [ 0.20124692  0.12436488 -0.13960999  0.16837306]
 [-0.08168055 -0.00954076  0.08923768 -0.06199722]
 [ 0.07221892  0.10002571 -0.17826417 -0.13510443]
 [-0.2877682   0.00584599  0.28093904 -0.19941893]
 [-0.15092252 -0.29080287 -0.14304224  0.1169698 ]
 [ 0.25966355 -0.20319551 -0.24066551  0.40860286]
 [ 0.03662754 -0.05049294 -0.10391843  0.16205287]
 [-0.04152898  0.09939805 -0.27233413  0.30849954]
 [-0.07961676  0.21205963 -0.11953314 -0.27901578]
 [ 0.16745518 -0.22662276  0.10427126  0.43281752]
 [ 0.23230648 -0.11810403  0.11924689 -0.20638557]
 [-0.18099341 -0.29045093  0.18377402 -0.07229336]
 [ 0.2661311  -0.2947971   0.14227232 -0.21341085]
 [-0.09407976 -0.00166663  0.23561108  0.29576018]
 [-0.0024899   0.26491037  0.19763081  0.20969836]
 [ 0.20798829 -0.07740603  0.01729408 -0.10751761]
 [-0.04538652  0.03801961  0.08983738 -0.03162596]
 [ 0.11319488 -0.03338949  0.13761728  0.29974425]
 [ 0.07233007 -0.28682944  0.09393436 -0.00272451]
 [ 0.11852129 -0.16959667 -0.13156748 -0.02643121]]
Biases: [-1.8142266e-02 -1.9088995e-02  5.7852852e-05  7.3566698e-02]
Layer: dense_3
Weights: [[-1.50972400e-02  2.54573151e-02 -1.45348415e-01 -1.88740432e-01
   2.70544793e-02  2.14771014e-02 -3.29991579e-02  1.04958840e-01
   2.04246655e-01  1.70761228e-01  1.62884355e-01  1.66544273e-01
  -1.56905353e-01 -9.30140465e-02  2.29249150e-02  1.56512167e-02
   2.02494681e-01  1.03038065e-01 -1.13411583e-01  1.86234668e-01
  -1.53812915e-01  3.18516828e-02  1.11632831e-01 -6.60572425e-02
   7.72951618e-02 -2.65122810e-03 -1.04549617e-01  1.98186278e-01
   1.64595649e-01 -1.15375463e-02  2.17798781e-02 -1.28619105e-01
   1.93443954e-01  1.94856003e-01  8.82924572e-02  1.48580179e-01
  -1.80092216e-01  1.84301883e-01 -1.71929821e-01 -1.89086366e-02
  -1.94417849e-01  1.70021355e-01 -2.60153692e-02  1.77169114e-01
   1.82987466e-01 -5.16603030e-02 -1.83464140e-01 -1.70912698e-01
  -1.54254615e-01 -3.30513716e-02 -8.45801607e-02 -6.27251193e-02
  -1.56250373e-01  1.67902410e-01  1.28134891e-01  3.41228582e-03
  -5.91342077e-02 -1.06770001e-01  1.14915796e-01  7.97329172e-02
  -1.48595661e-01 -3.56291397e-03  2.30744258e-02 -1.74510539e-01
  -3.02962158e-02  6.43684864e-02  4.98132110e-02 -1.39530689e-01
  -8.26139599e-02 -7.59138307e-03  3.02062519e-02  1.52966693e-01
  -4.40537818e-02 -6.20189346e-02  1.35462463e-01 -1.56719744e-01
   3.09465751e-02  8.97173509e-02  1.07972827e-02 -1.81568172e-02
  -8.28666389e-02 -1.78125247e-01 -2.07143188e-01 -9.19226464e-03
  -1.06491828e-02 -8.19308311e-03  3.50376032e-02 -6.68130815e-02
  -1.47828728e-01  1.18734471e-01 -1.62957326e-01 -4.62619681e-03
  -1.40050828e-01 -1.04971202e-02  1.61723688e-01 -3.82433087e-03
  -9.96252000e-02  8.32295790e-02  7.15364665e-02  1.98950663e-01
   2.05961198e-01  6.04457483e-02  2.00581595e-01  1.79513529e-01
  -9.63135585e-02  6.93994164e-02  1.05175763e-01 -1.06658846e-01
  -9.55157727e-03  1.15121216e-01 -3.53718409e-03  2.78301891e-02
   1.01877265e-01  6.52991086e-02  6.08923063e-02 -7.87888244e-02
   1.76865965e-01 -5.24186194e-02 -2.33625621e-02  2.91339122e-02
  -5.13447076e-02 -1.43869758e-01 -1.44027367e-01  3.21127623e-02
  -1.95300519e-01 -1.27751440e-01 -9.56970975e-02  1.35361955e-01
  -7.22167715e-02  3.52564976e-02 -1.49672747e-01  1.43071160e-01
   1.73621669e-01  1.38302118e-01 -1.57639571e-02 -1.60034269e-01]
 [-2.14744717e-01  1.32372305e-01  1.98187739e-01  9.71237794e-02
   1.82509512e-01 -3.51355560e-02 -7.70977065e-02  1.20393142e-01
  -1.73655748e-01 -1.46282360e-01 -3.61227952e-02 -4.54538763e-02
  -1.03478268e-01  3.91818620e-02  1.17600985e-01  1.98127747e-01
   1.19232610e-01 -1.46550566e-01 -3.15279849e-02 -1.67634293e-01
   5.79737686e-02  2.05862179e-01  1.39930323e-01  9.52917933e-02
   4.53418009e-02 -1.59930080e-01  2.06011847e-01  9.19880047e-02
  -4.67448309e-02 -2.07625762e-01 -8.42050016e-02  1.13048941e-01
  -2.02300940e-02 -1.22575723e-01  7.71585181e-02  1.78074703e-01
   1.83128655e-01  5.92182912e-02  1.53456151e-01 -4.43364531e-02
  -1.92084447e-01  1.57362048e-03  1.78045973e-01  6.72282279e-02
  -6.78521171e-02  2.03330860e-01  1.17165804e-01 -2.06919476e-01
  -6.28622547e-02 -6.67231083e-02 -5.98642044e-02  1.62707612e-01
  -1.30163237e-01 -8.51262137e-02 -1.04286872e-01  4.45780680e-02
   9.29412246e-02  3.89106534e-02  1.51595920e-01 -1.43141031e-01
   1.94931418e-01 -1.14635490e-01 -6.42223284e-02 -1.11318335e-01
  -5.70397964e-03 -1.02497771e-01  2.02804416e-01  3.91094275e-02
   9.04009193e-02  1.98240392e-02  1.48225784e-01 -1.15992650e-01
  -2.00706735e-01  1.09191559e-01 -1.51000917e-01 -1.62146971e-01
  -9.52352509e-02  1.89384058e-01 -1.76612977e-02 -4.44279052e-02
  -1.78408951e-01 -1.58233926e-01  1.17186382e-01 -1.46896765e-01
  -7.83580914e-02  4.77859527e-02 -4.06899378e-02 -1.52705222e-01
  -1.49278164e-01  1.83782667e-01  5.38301580e-02 -1.33817688e-01
   5.01266830e-02  1.27751097e-01 -1.11220136e-01  1.90031841e-01
  -3.14318985e-02 -1.67163774e-01  1.67158499e-01  2.31439881e-02
  -1.87007681e-01  1.62404180e-01  1.55334756e-01  8.97125453e-02
  -1.73950016e-01  1.26020774e-01 -1.64471939e-01 -1.44393928e-02
  -1.22566774e-01 -1.74827859e-01  1.30919561e-01  4.16304395e-02
   3.22180130e-02  6.65992498e-02  5.08184880e-02 -1.57798439e-01
  -1.23053357e-01  2.31788717e-02 -2.00953409e-01 -1.46093801e-01
  -1.96762368e-01  6.45430833e-02 -5.63786365e-02  1.88222617e-01
  -1.84666384e-02  1.46583512e-01 -1.00013852e-01  1.99148193e-01
  -1.69980332e-01  5.16970046e-02  1.96885737e-03  1.00643754e-01
   1.32117793e-01  7.82414824e-02  3.52296084e-02 -1.39377877e-01]
 [ 1.13219529e-01 -1.50297701e-01  9.61889103e-02  1.85536072e-01
  -2.06717908e-01  7.43484199e-02 -1.14267722e-01 -4.39845026e-02
  -2.58974209e-02  4.61068526e-02 -8.29970986e-02  2.40593869e-02
  -2.16316134e-02 -1.48450717e-01 -6.32835999e-02  2.00228050e-01
   2.58874372e-02 -7.95103684e-02  1.50045408e-02  1.18232429e-01
   2.28168517e-02 -6.07385375e-02  1.71527863e-01 -1.73737317e-01
   8.54543373e-02 -1.58300743e-01  2.95706838e-02  1.38981044e-01
  -2.01702133e-01  4.95768487e-02 -2.18188111e-02  1.63909435e-01
  -1.13028653e-01 -4.86600697e-02  1.26243994e-01  1.49140924e-01
  -2.07395405e-02  8.45544338e-02 -1.72571689e-01 -9.08358209e-03
  -8.40138420e-02  1.49410546e-01 -1.68984264e-01 -1.01497956e-01
  -8.84176046e-02  1.17901243e-01 -1.15135463e-03  1.67271063e-01
   1.65785089e-01  1.92693099e-01  1.31580964e-01  9.54527110e-02
   1.36725441e-01  3.13199870e-02  2.95533501e-02 -1.18472278e-02
   1.72626879e-02  1.73598707e-01  6.38189837e-02  1.83955625e-01
   4.69883084e-02  1.97306231e-01 -1.32044390e-01  9.86241326e-02
   1.84480399e-01 -1.05475590e-01  1.71085119e-01  3.98066938e-02
   7.33684823e-02 -3.86175774e-02  2.00332880e-01 -2.68198140e-02
  -1.73210248e-01 -5.75069413e-02 -1.96318701e-01 -1.50702327e-01
  -1.68342844e-01 -1.14331663e-01 -1.74165294e-01 -2.39540376e-02
  -1.39152244e-01  5.44285774e-02 -1.39769986e-01  1.87203661e-01
   4.97808792e-02  6.76478371e-02  6.47966415e-02 -1.18124515e-01
   1.87764362e-01  1.09131180e-01 -4.33989707e-03  1.41518608e-01
   1.91908717e-01  1.52910963e-01 -1.58684403e-01  1.73328687e-02
  -1.91543415e-01  1.96568146e-01 -1.58534035e-01  1.28653824e-01
   1.74097776e-01  5.23690833e-04 -1.79681376e-01 -1.59109160e-01
   9.43629742e-02 -2.01761723e-02  9.54115167e-02  1.95245072e-01
   1.65961072e-01 -1.43017724e-01 -4.13534418e-02 -3.97430509e-02
  -1.46339849e-01  1.71810105e-01  1.59651916e-02  1.55239746e-01
  -2.89367717e-02  1.88726157e-01 -1.86229274e-01 -9.83823538e-02
  -6.77306503e-02 -1.87752381e-01 -1.35394365e-01  5.41304611e-02
   6.03005551e-02 -6.13590814e-02 -1.33276463e-01 -5.25144599e-02
  -5.43408506e-02  4.93061123e-03  1.21425062e-01 -3.78010096e-03
   1.69704124e-01  1.75847709e-02 -9.58119407e-02  1.03864735e-02]
 [ 8.28474164e-01  7.27481902e-01 -1.63272500e-01  6.17176630e-02
  -7.49897733e-02  3.34574729e-02 -7.04359785e-02 -2.63356790e-02
  -2.05365911e-01 -5.19183427e-02 -2.44406033e-02  5.55626862e-02
   1.02564037e-01  3.85734141e-02 -1.37369365e-01 -7.50096813e-02
   1.28450632e-01 -1.17859729e-01  4.46427763e-02 -1.28525674e-01
   5.24857566e-02  1.21998504e-01  2.93590445e-02 -9.68977064e-02
  -3.43536735e-02 -1.17767841e-01 -2.88458634e-02  1.17289253e-01
  -2.60333195e-02  1.02091104e-01 -1.85465515e-01  8.92543718e-02
  -1.95703566e-01  1.38188601e-01  7.76255131e-02  1.51256010e-01
  -1.75850287e-01 -1.95575550e-01  8.90172571e-02 -6.04603365e-02
  -1.10696860e-01 -1.51901990e-02  6.92461133e-02  8.43611285e-02
   6.20306656e-02  3.84990051e-02 -9.09127817e-02  1.49395168e-01
  -7.91558027e-02 -3.64393443e-02 -3.16848718e-02 -1.70988843e-01
  -6.95825592e-02  1.80074405e-02 -2.01402947e-01 -4.80056889e-02
  -5.48054948e-02 -1.43044502e-01  1.01414002e-01  9.09399688e-02
  -5.04673906e-02  4.96570393e-02  1.59808710e-01 -1.64130926e-01
  -2.22680103e-02 -1.66705042e-01  1.41203478e-01 -7.01468065e-02
  -4.02715243e-02 -1.91714570e-01 -1.67008892e-01  7.18755424e-02
   8.15018043e-02 -6.05724864e-02 -4.74913195e-02 -1.93625540e-01
   5.09730838e-02  3.40147465e-02 -1.38992235e-01 -5.07944487e-02
   1.68896928e-01  7.05428496e-02 -8.76120031e-02  3.13174352e-02
   1.05496302e-01  1.62941322e-01  2.54095383e-02 -1.76522508e-01
   3.46432552e-02  4.36526276e-02  7.39178061e-03 -1.02628553e-02
   1.54762389e-02  1.42675623e-01  9.15808529e-02 -1.32014062e-02
  -2.08229870e-01 -5.09088524e-02 -1.51288986e-01  8.52537751e-02
  -4.40964848e-02 -1.93568498e-01  1.47254646e-01  9.11100954e-02
   8.97754356e-02 -1.49701700e-01  1.30054727e-01  9.93674770e-02
  -6.47074590e-03  4.61573862e-02 -1.73942521e-01  7.72138536e-02
  -4.00321670e-02  5.05409501e-02  8.59393328e-02  1.41068399e-01
  -1.92713991e-01  1.03666052e-01  1.48428038e-01 -3.07677425e-02
   2.32814346e-03  5.54344691e-02 -1.17777944e-01 -6.27989396e-02
  -2.02906042e-01  1.27517760e-01 -8.63755494e-03 -9.68381986e-02
  -1.03791021e-01  4.45453115e-02 -1.13155536e-01 -1.98534131e-01
  -7.02110603e-02 -1.75597042e-01  1.13225326e-01 -1.63549587e-01]]
Biases: [ 0.19132376  0.09734502 -0.00113797 -0.00238807 -0.00149158 -0.00214281
 -0.0013684  -0.00177116 -0.00093994 -0.00150379 -0.00172815 -0.00253718
 -0.00290148 -0.00215899 -0.00121131 -0.00149629 -0.00448953 -0.00118419
 -0.00216529 -0.00115824 -0.00227889 -0.00398171 -0.00227962 -0.00132499
 -0.00166386 -0.0011541  -0.0017089  -0.00405975 -0.00171224 -0.00300772
 -0.00099069 -0.00286853 -0.00101802 -0.00452946 -0.00289743 -0.0055462
 -0.00109188 -0.00104892 -0.00284616 -0.00143561 -0.00112215 -0.00182096
 -0.00270664 -0.00314076 -0.00263711 -0.00229828 -0.00132808 -0.00390842
 -0.00130095 -0.00154915 -0.00155958 -0.00111545 -0.00131204 -0.00205955
 -0.00096209 -0.00155197 -0.00151702 -0.00113193 -0.0035242  -0.00296058
 -0.00156185 -0.00225844 -0.00508615 -0.00100155 -0.00166816 -0.00103983
 -0.00471682 -0.00139017 -0.00158602 -0.00101098 -0.00113681 -0.00272505
 -0.00260081 -0.00149487 -0.00151298 -0.00091628 -0.00231553 -0.00234857
 -0.00114433 -0.00148548 -0.00499244 -0.0023397  -0.00133478 -0.00203463
 -0.00319012 -0.00534587 -0.00206742 -0.00097341 -0.00197282 -0.00249008
 -0.0018481  -0.00169836 -0.00192408 -0.00448925 -0.00311644 -0.00185313
 -0.0009398  -0.00146665 -0.00120016 -0.00315237 -0.00154585 -0.00107755
 -0.0054707  -0.00331561 -0.00269535 -0.00118571 -0.00394401 -0.00297847
 -0.00172924 -0.00227936 -0.00110369 -0.00278822 -0.00163186 -0.00244795
 -0.00299608 -0.00390674 -0.00098389 -0.00317699 -0.00423917 -0.00157155
 -0.00173741 -0.00232614 -0.00116339 -0.0015576  -0.00094287 -0.00376605
 -0.00168234 -0.00143366 -0.00118292 -0.00233502 -0.00120238 -0.0010519
 -0.00153949 -0.00110189 -0.00347626 -0.00099508]
