-49.615683028551956
-40.6967440367971
-37.463336047203384
-37.98414181820707
-37.273211426822535
-35.92099871183961
-36.525938566357325
-35.74516411844425
-35.914243695826876
-33.44960928724592
-33.85847506826639
-34.43108379876515
-34.06236403942287
-33.01783889257505
-33.487105440072675
-33.86551323603881
-33.27844418687488
-33.02564548298212
-33.48450483975098
-32.25034406653001
-32.58656876530247
-33.03565310983933
-32.06165122459473
-32.680647607747204
-32.01424433576224
-32.37720182371697
-31.52283249724647
-31.521983638800506
-31.840988031332845
-31.497684198115238
-31.30450596121554
-31.75284859340489
-31.242600433474557
-31.124586886247116
-31.81529756027789
-30.91842133602313
-31.970778129319022
-30.49444627167069
-30.58918413257678
-30.523029789173577
-30.82494179449486
-30.84291534989115
-31.00584787416046
-30.188082899016663
-30.940319085582257
-30.05062342843648
-30.75752302963058
-31.24953928264325
-30.52809668578625
-30.25104290074622
-30.447532492222486
-30.40609161205144
-30.41532774668018
-31.484491453014034
-30.814604864929375
-30.616710220220288
-31.151701261247958
-30.698611692596156
-30.888834570517552
-31.740999006124383
-31.574999704730153
-29.988090104229876
-30.721664115131954
-30.672434733489002
-29.470932749203975
-30.857768353198946
-30.034275375916273
-30.243058724935594
-30.57808384044321
-29.84368629246425
-30.31710101859368
-31.390225892511612
-31.708666031116028
-30.54614617772497
-29.825188302211306
-30.301983912130698
-31.052088336064813
-30.44721695573877
-30.24135422531491
-29.645388957241163
-29.57858684548919
-29.79520400393728
-30.653482333570683
-29.625330728746302
-29.311723584805186
-29.2230684179648
-30.093519280583433
-30.586300191219706
-29.563949083510387
-30.52505841388143
-30.92501909466044
-29.616676347378178
-29.368893878936817
-29.837598072703745
-30.570699462322317
-30.987479203659703
-31.279772277962184
-29.126726645725675
-29.369183233628537
-29.37809377786219
-29.38767033607516
-29.65519969592524
-30.10409832403335
-29.42411083212879
-29.88860688579436
-29.44029537849456
-29.974104759803467
-30.04005560804978
-30.154224875118608
-29.74135378171869
-29.360560449341307
-30.148426323042507
-30.20074704253454
-29.296541943323746
-29.626591320169393
-29.101318892927807
-29.507684330575774
-30.32515222702455
-29.129531614602655
-29.85672991993834
-29.266976571279105
-29.355443827062935
-29.67276139200936
-29.880721823131353
-29.38273262359665
-29.492251351922132
-29.56841616321978
-29.05171952324924
-29.426790851469082
-29.34394484493706
-28.85184241556778
-29.235697750111328
-28.23067918861779
-29.165597436773115
-29.543713987721798
-29.03251206758949
-29.91780869338486
-30.031008875698184
-28.818647482251357
-29.05030398064683
-29.070999952869286
-28.424710089160563
-29.33206378198172
-28.86452254269597
-29.395065375501932
-30.2319602105117
-28.88502206009839
-28.945924525931215
-29.124161368449275
-29.056094770783076
-29.137742589334312
-29.232999009658542
-30.430004458299344
-29.350772826586944
-28.934842535969675
-29.379557579727297
-29.464262617804522
-29.496216854572758
-29.196451620444506
-28.480339197943913
-28.968728279850435
-28.717124474290696
-29.558101750461432
-28.98371450218065
-29.489406794229875
-29.278392852716255
-30.427773421694614
-29.04141892833973
-29.405571263297148
-28.8327510746706
-29.18776779067103
-29.007541727249585
-28.889586363449936
-30.157609343837763
-29.66981886457667
-29.112933222632012
-29.70310360272418
-28.943714720837292
-29.387050944945443
-28.913683894076243
-28.200976484337303
-30.19330946098744
-29.24686271144349
-28.385286653967558
-29.458676418263067
-28.63471501515416
-28.835509775838304
-27.828677246578078
-28.76495429191272
-28.604021046114063
-28.228077401222436
-29.110379608929215
-28.772350977568408
-28.491707236042235
-28.529811797419228
-28.2804977602654
-28.900792343539166
-27.92030403457135
-29.218978819070962
-29.299928502523112
-28.93546994916481
-29.02644765160378
-29.09125442688734
-30.033775733162898
-28.731202634474467
-28.458067447256294
-28.540854719727566
-28.022381484715883
-28.891412695903032
-28.658084784527297
-29.09851474450505
-29.453262848748977
-28.37556139596867
-27.890693766101254
-28.987015943851215
-29.231003320291148
-28.88306758392664
-29.496201286214145
-28.126676169817426
-28.902809944364694
-28.249966697261037
-27.619299114608044
-28.670402959788312
-28.69072106159839
-28.737238205729767
-29.097626860435433
-29.12369394866196
-28.45696888352886
-28.63805299327763
-28.702513150113678
-28.576561757733913
-28.650748049909936
-27.919115255230217
-27.918028867039933
-27.935868676395376
-29.21588359641004
-27.613203778709714
-29.204894329367026
-28.21573443586525
-27.043459930809586
-29.292568465508367
-28.549567717296878
-28.76640025098688
-28.255597190070283
-29.10856937831844
-28.256532430189644
-28.67812729322239
-28.929719537780574
-29.715581034887236
-29.70654137893622
-28.14028230509247
-28.729757638626488
-28.44928751410941
-29.1368401978683
-28.841719095198304
-27.34389016818877
-27.288011221278385
-28.354441572276027
-27.8183613952775
-28.67417138712365
-28.190417434188916
-28.202973186516548
-28.668905757450347
-28.310507827200514
-27.897990130944734
-28.37884054436394
-27.75178972290777
-28.591196452242965
-28.890345508808977
-28.80699444425124
-28.022524377646796
-28.039260611863245
-28.460981079435804
-28.5585643441976
-28.799258173745486
-29.221042748444216
-28.207790766521544
-27.528793836289168
-28.73034209749968
-28.983669382577492
-27.86559422129283
-28.407557786610333
-29.256178788122387
-28.5532600812839
-27.529645584506152
-27.86777289059918
-29.09171099991015
-29.425013175574477
-28.311148457786953
-28.195489686827447
-27.83796391377574
-28.193420488271855
-28.41402351018009
-27.819528438535034
-28.166388989302778
-28.05622726479035
-28.131655355843712
-27.911812168784344
-28.59131461483146
-28.422878209600945
-27.838268832385467
-28.35753896469373
-29.009513669132165
-28.2570232100128
-28.660029701001477
-27.762923283201854
-27.85233898967148
-28.45408828884687
-27.99611944852561
-28.453020143312052
-28.284310354704157
-28.4187041046486
-28.50970597715668
-29.38554768324716
-29.002361912837276
-28.1894302330542
-27.83473419929388
-28.031318521612135
-27.851268795765165
-28.275969839899588
-28.180358362330097
-27.592680780225496
-27.578052666275735
-28.037473200402857
-29.27434361602767
-27.651649124126703
-27.8395208739794
-28.509470739262706
-27.540973686514143
-28.184787792285142
-27.90041054348585
-27.64709506046168
-27.140670273085345
-28.685420634071388
-28.02391510079233
-28.39924538694986
-28.72256507908958
-28.03613199506058
-29.081702637131137
-28.20990368555782
-27.81137901269425
-28.44631265291308
-29.557040714493223
-28.245637365975664
-28.80615604206666
-28.634703915541213
-27.40411227736916
-27.25003534560368
-28.631769085638687
-27.232092854136518
-27.263994609962037
-28.34917972835409
-27.94085369565435
-28.46662074877919
-27.94235272496705
-28.494007775337767
-29.20316877229389
-28.15683157923929
-28.63710963644766
-27.18897694646765
-27.462379237882818
-28.06995009857552
-28.079166390555898
-27.518041706045178
-28.406969888272673
-28.118624549361034
-28.965709427763578
-27.77589567023639
-27.64887250135389
-28.30663674352119
-28.41868000755848
-27.470850298464327
-28.100634893844493
-28.199782634793678
-27.72280282675359
-28.650575538557256
-27.88693010217262
-27.051587121719898
-27.04050257791178
-28.793643856497862
-26.85030129311601
-27.238595536198222
-27.424803761691578
-28.29565915846051
-27.86001817398676
-27.113918449023195
-27.763147045633882
-27.89320518362241
-28.121836861915103
-27.255612934314772
-27.52562129078647
-28.19168844387626
-27.820297233558826
-27.829313500761568
-27.82841981088206
-28.398452828164103
-28.056230028890823
-27.707632751292866
-28.279127979431838
-27.925489597167434
-28.02857614678513
-26.165340732390344
-28.675397924573677
-26.94874560929397
-28.677788895085474
-27.958754994577706
-27.89649437749503
-27.527846351629126
-28.352054287280204
-27.56919077129395
-27.747953285092976
-28.228721233410315
-28.08097180250473
-27.32096795473501
-26.629759651287795
-28.132891474681387
-26.86191742387978
-27.118975776642888
-27.872314041802753
-28.112727298574193
-28.007778530127712
-27.459318501164912
-27.866094070386712
-28.087878325836414
-28.122290872797752
-27.905500085804842
-26.96817425469746
-27.38448255650283
-28.50695583898952
-27.578523387769838
-28.079763881975737
-27.348293781628286
-27.395294278441664
-26.755914284991235
-27.771857393321554
-27.039672137639386
-27.76410464935184
-27.382683048125305
-27.170610613307876
-26.3249301284237
-27.135950915050195
-27.590854164512535
-26.45374524770518
-27.713710302408394
-27.80813008588784
-26.909721272880276
-27.905677774125305
-26.845893575843593
-26.701723403020264
-26.921349918056634
-26.77051759624434
-27.65829053854908
-27.31739443148695
-28.658750309494504
-27.057760782059546
-28.502152800170688
-27.182056343659127
-27.07632170859732
-27.63808091635947
-27.59087227629607
-27.110208426386407
-27.531270170284653
-28.5069878875183
-27.77605894781188
-26.681985446043296
-27.909101340523357
-27.140826738938145
-27.03211052763588
-26.907427411762143
-27.84255418927471
-27.702172823112754
-27.699438247457383
-27.709888612880945
-27.29719623571664
-28.24661845722989
-27.35848735809676
-27.315121884122476
-26.715710699717878
-26.730698040523226
-27.368076881351335
-28.25187306500787
-27.437113526710785
-28.04001101987847
-27.0860666419228
-27.904814683993994
-27.473223494828595
-28.538823571648514
-27.070452068685036
-27.570617195131145
-27.794782658244227
-27.477965426764467
-27.644994344614908
-27.566228101652158
-26.74345029879851
-28.036277998723076
-27.83708671014451
-28.00847552459936
-27.635513240783744
-26.89883677590524
-27.4747934561535
