-10.991773019747585
-12.541369055210993
-13.494724291231622
-14.368272016354702
-14.368272016354702
-14.675305109924551
-15.88531567669099
-17.346307374868626
-17.34630737486863
-17.346307374868637
-17.346307374868644
-17.346307374868644
-17.709666334627485
-17.709666334627492
-17.709666334627492
-18.415117758269183
-18.415117758269183
-18.415117758269194
-18.415117758269194
-18.415117758269197
-18.415117758269197
-18.415117758269197
-18.415117758269197
-18.445957684867523
-18.445957684867523
-18.445957684867526
-18.445957684867526
-19.991403930118466
-19.99140393011847
-19.99140393011847
-20.221658783353412
-20.221658783353412
-20.221658783353412
-20.221658783353412
-20.221658783353412
-20.221658783353412
-20.221658783353412
-20.221658783353412
-20.221658783353416
-20.221658783353416
-20.221658783353416
-20.221658783353416
-20.221658783353416
-20.221658783353416
-20.221658783353416
-20.221658783353437
-20.513674625391577
-20.513674625391577
-20.513674625391577
-20.513674625391577
-20.513674625391577
-20.513674625391577
-20.513674625391577
-20.513674625391577
-20.513674625391577
-20.513674625391587
-20.513674625391587
-20.700187652944546
-20.700187652944546
-20.700187652944546
-20.70018765294455
-20.70018765294455
-20.70018765294455
-20.70018765294455
