-15.50277675090015
-12.696741874970833
-12.071663885442014
-11.345885069577168
-10.79843067442652
-10.334207122924166
-9.965180154835728
-9.597700760020443
-9.073528397069305
-8.380745197461366
-7.995045542369646
-7.448186153348541
-7.047573340568796
-6.633552786674276
-6.24539440394366
-5.923065171952253
-5.409197600353878
-4.979435776052761
-4.600599834117589
-4.274805326818091
-3.9536294214882868
-3.5370963293694175
-3.094495682672725
-2.8276081855735757
-2.531644424692156
-2.335615462194348
-2.122295882587741
-1.7189728438015943
-1.6947075809917107
-1.3509661808306401
-1.0562108341305256
-0.8622466169943419
-0.7970990948214133
