-1.81129903669013
-1.994996651186483
-2.0316794100123303
-2.0381514144929014
-2.122589064145089
-2.1509004548071147
-2.1648459068657075
-2.1675074332238182
-2.1706213733942192
-2.1870358827524967
-2.2069884247976432
-2.228037231797842
-2.2286219122671156
-2.231290091840087
-2.2381764112391664
-2.2400039454513205
-2.2442453391370307
-2.2455073751423456
-2.2470286900998033
-2.2534835421006534
-2.255604668675204
-2.256720693753323
-2.2570034991447585
-2.2608679531669083
-2.2628116371024376
-2.271389998872195
-2.280501146957306
-2.282402382316093
-2.2845087893095837
-2.286241112492249
-2.288003357511826
-2.2888214747254807
-2.2906945412461255
-2.2983761194570675
-2.302096010647155
-2.3030204542296886
-2.305733281028168
-2.308599242656584
-2.3111925896995373
-2.314465745342055
-2.3171806907918935
-2.3187203175341935
-2.324003874403985
-2.326020609069147
-2.3276346890081214
-2.330433127581351
-2.3309565060561184
-2.3322252670047163
-2.3347408815698785
-2.3360174383010417
-2.3360813296071257
-2.3412807952550097
-2.342950756563546
-2.3447201437727045
-2.3449516500201213
-2.347580947496631
-2.3485946687399135
-2.3497634038307638
-2.3518039724714583
-2.3525478485044573
-2.3525679711826726
-2.352981268748877
-2.3530102193444336
-2.353584355372135
