-2.7891761220041444
-2.527523540918715
-2.493841831084313
-2.48863383781681
-2.46695650779329
-2.477455539273493
-2.494493361730355
-2.49379435912721
-2.503453012510501
-2.48892483765829
-2.5050602339524177
-2.5067613632578962
-2.49490621424768
-2.5107672365563447
-2.515981495376966
-2.503384090524774
-2.517655323901173
-2.5083301636831226
-2.491101453918755
-2.513365842029844
-2.518065032375333
-2.5016694948102156
-2.5064991421313625
-2.5226821705024554
-2.5087577364673352
-2.5119169830054937
-2.521545345318298
-2.519336988940604
-2.516001085346998
-2.517100006002705
-2.5222776110245597
-2.517232382569603
-2.5305354804308684
-2.5096056066434653
-2.506707191630939
-2.520297190439738
-2.5249528475823735
-2.529003751219341
-2.518351014096077
-2.525901645402507
-2.521656146198703
-2.531790910113563
-2.5157826814975617
-2.5057777525226514
-2.5254163748400096
-2.5310336622720757
-2.5102639257147126
