-2.7356173664525025
-2.418266275131988
-2.3611357149654566
-2.321937854336846
-2.289575175793539
-2.28468128865775
-2.2796292878698092
-2.278365030412357
-2.276425104437222
-2.275925247258405
-2.275925247258405
-2.2747695294173784
-2.2746980797468686
-2.2746980797468686
-2.2746980797468686
-2.2740695124961365
-2.2740695124961365
-2.2740695124961365
-2.2737777735436766
-2.2719855681546295
-2.2719855681546295
-2.2719855681546295
-2.2719855681546295
-2.2719855681546295
-2.2719855681546295
-2.2719855681546295
-2.2719855681546295
-2.2719855681546295
-2.2702825195371332
-2.2702825195371332
-2.2702825195371332
-2.2698052413484406
-2.2698052413484406
-2.2698052413484406
-2.2698052413484406
-2.2698052413484406
-2.2698052413484406
-2.2698052413484406
-2.2698052413484406
-2.2698052413484406
-2.2698052413484406
-2.2666002659688647
-2.2666002659688647
-2.2666002659688647
-2.2666002659688647
-2.2666002659688647
-2.2666002659688647
