2
[0 0 1 1 0 0 0 1 0 1 0 0 1 0 0 1 1 0 0 1 1 0 1 1 1 1 1 0 0 1 1 1 1 1 1 1 0
 1 1 1 1 1 1 1 1 1 1 1 1 0 1 1 1 1 1 0 1 0 0 1 1 1 0 0 0 1 0 0 1 1 1 1 1 1
 0 1 0 0]
202
[1 1 1 0 1 0 0 1 1 0 0 1 1 1 1 1 1 1 1 0 0 1 0 1 1 1 1 1 1 1 1 1 1 0 1 0 0
 1 1 1 1 1 1 0 0 1 1 0 0 1 0 0 1 1 1 0 1 0 1 1 0 0 0 1 0 0 0 1 1 1 1 1 1 1
 1 0 0 0]
402
[1 1 1 0 1 0 0 1 1 0 0 1 1 1 1 1 1 1 1 0 0 1 0 1 1 1 1 1 1 1 1 1 1 0 1 0 0
 1 1 1 1 1 1 0 0 1 1 0 0 1 0 0 1 1 1 0 1 0 1 1 0 0 0 1 0 0 0 1 1 1 1 1 1 1
 1 0 0 0]
602
[1 1 1 0 1 0 0 1 1 0 0 1 1 1 1 1 1 1 1 0 0 1 0 1 1 1 1 1 1 1 1 1 1 0 1 0 0
 1 1 1 1 1 1 0 0 1 1 0 0 1 0 0 1 1 1 0 1 0 1 1 0 0 0 1 0 0 0 1 1 1 1 1 1 1
 1 0 0 0]
802
[1 1 1 0 1 0 0 1 1 0 0 1 1 1 1 1 1 1 1 0 0 1 0 1 1 1 1 1 1 1 1 1 1 0 1 0 0
 1 1 1 1 1 1 0 0 1 1 0 0 1 0 0 1 1 1 0 1 0 1 1 0 0 0 1 0 0 0 1 1 1 1 1 1 1
 1 0 0 0]
