Layer: dense
Weights: [[ 0.10630278  0.09487381 -0.1310734  ...  0.1509969  -0.04185477
  -0.15535766]
 [-0.13697153  0.11070959 -0.03974077 ... -0.04166671 -0.16790813
  -0.05091393]
 [-0.11344645  0.02648651 -0.00633396 ... -0.15210614 -0.1567257
  -0.0343908 ]
 ...
 [-0.13484383  0.06540636  0.13299018 ...  0.04863893  0.03327735
   0.12900403]
 [-0.14249083  0.10812593  0.15972072 ...  0.12681894  0.07516271
   0.09593283]
 [ 0.13976417  0.16325468 -0.01483709 ...  0.17213546 -0.1267399
   0.06607719]]
Biases: [-2.17995942e-02 -9.30575933e-03 -1.75866648e-03  2.11434782e-01
  3.37256351e-04  9.90184695e-02  1.19303726e-01  1.82599705e-02
  2.08651554e-02  1.15132272e-01  1.87703874e-03 -1.44411493e-02
  1.03106350e-01  1.85736969e-01  2.01706514e-01 -1.28194848e-02
  7.66260698e-02 -8.50808248e-03  6.44162074e-02  1.00498267e-01
  1.80137716e-02 -6.88001560e-03 -5.31837530e-03  1.89778864e-01
 -5.50542027e-03 -6.19706837e-03  3.79242226e-02  1.16688393e-01
  8.44992325e-02 -8.16879794e-03 -2.14512181e-02  1.62266135e-01
 -1.17482627e-02  2.33808398e-01  1.13830961e-01  3.64453606e-02
 -1.49237923e-03  8.37052837e-02 -4.47247503e-03  1.45104200e-01
 -7.78767373e-03  7.05307350e-02  1.00027107e-01  2.99883544e-01
 -1.20376367e-02 -3.77282035e-03  5.78266270e-02 -6.72297392e-06
  1.22026913e-01 -1.04525639e-03  1.18537404e-01  3.77441570e-02
 -1.29129440e-02  1.04853146e-01  1.98448613e-01  1.40542403e-01
  1.69275161e-02 -2.98369722e-03  1.89124614e-01 -5.23613906e-03
 -1.67794302e-02 -1.00758695e-03  1.04865707e-01  3.21656078e-01
  9.67899933e-02  1.57938033e-01  6.65837452e-02  1.14118187e-02
  1.90737173e-01 -3.60962912e-03  5.64545691e-02  1.06371112e-01
  1.30959600e-01  1.40114184e-02  6.04309551e-02 -1.63878240e-02
  9.80683044e-02  5.63740209e-02 -1.20922122e-02  7.05238581e-02
  3.16999853e-04 -7.22652348e-03 -1.03093516e-02  3.72573733e-02
 -1.75245498e-06 -1.32371709e-02 -1.49463154e-02  6.05241917e-02
 -1.97820980e-02 -5.09153912e-03  4.06548055e-03 -1.26494309e-02
 -6.64765947e-03  2.13282123e-01  1.24704033e-01  2.19502319e-02
  1.16487153e-01 -1.04031665e-02  2.77921818e-02 -9.72235389e-03
 -4.55967311e-05  1.87667146e-01 -2.58905888e-02  1.72578231e-01
 -4.06619068e-03  6.46290481e-02  2.67131068e-03  1.80411100e-01
  1.88195348e-01  5.28411902e-02  8.96390621e-03  1.15085445e-01
  1.63476333e-01 -1.57552343e-02 -1.31623854e-03 -5.80200180e-03
 -2.72079855e-02 -8.22690036e-03 -1.42760538e-02  6.45273691e-03
  2.21968396e-03  3.55886579e-01 -8.51441734e-03  1.31546021e-01
 -7.26890657e-03  8.14982578e-02  7.79293361e-04  2.27320362e-02]
Layer: dense_1
Weights: [[ 0.08839966  0.08299174 -0.10765251 ... -0.11447254  0.17032969
   0.11859722]
 [-0.00417686  0.10079625 -0.08391563 ... -0.00580451  0.07236726
   0.10543441]
 [ 0.07043535 -0.12450751  0.17593342 ... -0.16888219 -0.07375303
  -0.00153451]
 ...
 [ 0.06814805 -0.09925467  0.15784626 ... -0.11273111 -0.05808289
  -0.04935922]
 [ 0.1489596  -0.10795928  0.04531458 ... -0.11819563 -0.15150423
  -0.04615316]
 [ 0.05741422  0.10778496 -0.04609669 ... -0.13982914  0.14458919
   0.01717757]]
Biases: [-1.7819409e-03  2.3259017e-01  3.1042129e-01  1.2867140e-03
 -2.3723869e-02 -1.4166153e-03  1.4130233e-01  2.7762292e-04
 -1.1307832e-02  1.6406624e-01 -2.0115421e-04  2.8521711e-01
  1.1180169e-01 -1.7470688e-02  4.5334011e-05  1.7046627e-03
  1.1759549e-01  4.2367127e-02  9.0563640e-02  7.8478947e-02
  9.3332462e-02  1.6708247e-01  3.0272529e-03  8.3896257e-02
 -2.9687651e-02  1.6439904e-01  1.6125843e-01 -3.1290710e-02
  1.0923572e-01 -5.7349210e-03 -4.1725472e-02  1.3753808e-01
  3.6906533e-02  1.3801728e-02  2.1432383e-02 -6.7748167e-02
 -1.8971851e-02  1.5625519e-01 -7.7033397e-03  2.4826124e-01
  1.6048035e-03  9.1454439e-02  1.1586576e-01 -1.0357329e-02
 -1.9966185e-02  1.1604970e-02  5.3751341e-04 -1.1872815e-02
  3.8701180e-02 -1.3604790e-02  1.4853030e-01  3.5566750e-01
  8.5036077e-02  3.8535260e-02 -4.3165111e-03  2.8395137e-01
 -5.5106771e-03 -3.8790688e-02  2.2049658e-01  9.9870130e-02
  2.3329781e-01 -5.0179092e-03 -1.3762488e-02 -6.3170576e-03]
Layer: dense_2
Weights: [[-0.06842852  0.21751201  0.2343962  -0.06166193]
 [ 0.43512368  0.296288   -0.23294854 -0.14238222]
 [ 0.6541656  -0.0982754   0.14786981 -0.07526157]
 [-0.04917303 -0.13998485  0.07382228 -0.29588893]
 [-0.19226451  0.29657197  0.27979696  0.23219584]
 [-0.07532508  0.0008247   0.07054617 -0.25620094]
 [ 0.283877    0.17225312 -0.1001832   0.29231656]
 [ 0.11798335  0.15727895 -0.2207644   0.15864897]
 [-0.2696744  -0.11044489 -0.29470634  0.21301077]
 [ 0.36701202  0.2817493   0.03817566  0.20675866]
 [ 0.0152491   0.00142261  0.19553916  0.19413196]
 [ 0.6167707   0.12810628  0.07736976 -0.18758377]
 [ 0.2465295  -0.13766319 -0.16775335  0.08901943]
 [-0.11320379 -0.07142667 -0.15831529  0.10138132]
 [ 0.00946405  0.00428966 -0.25034675  0.15677698]
 [ 0.04692079 -0.29110578 -0.2597758  -0.20346962]
 [ 0.2723852  -0.17572834  0.11418369  0.27578843]
 [ 0.08422016 -0.23016806 -0.10008672  0.28528255]
 [ 0.1882205   0.18238841  0.04136739 -0.18321288]
 [ 0.16336851 -0.24018489 -0.07159228 -0.18674123]
 [ 0.19013433 -0.17347038 -0.09413401  0.09436344]
 [ 0.37379262  0.09912831  0.02513943  0.22732083]
 [ 0.03127904 -0.08995088 -0.0694949   0.05459457]
 [ 0.2109517  -0.2624381   0.2259488   0.20940232]
 [-0.22865076  0.1559856   0.04925814 -0.1287225 ]
 [ 0.3451788  -0.00366568  0.04710061  0.28841615]
 [ 0.34528443 -0.20042545 -0.04833108 -0.15979703]
 [-0.20158245  0.10524506  0.06194585  0.17074786]
 [ 0.26060706  0.21820183  0.09342743  0.19298436]
 [-0.24702688  0.19311838 -0.13793844 -0.00096399]
 [-0.19890635  0.02487286  0.21420218  0.22013451]
 [ 0.28848398  0.08867097 -0.05189406 -0.23109332]
 [ 0.13223054 -0.2719352   0.18440433  0.26709598]
 [ 0.05042351 -0.0858542  -0.13275446 -0.19214709]
 [ 0.09641111  0.11068983  0.30110052 -0.22980475]
 [-0.14815614  0.0500478  -0.11797501  0.01282647]
 [-0.19559966  0.01798662  0.23803724 -0.08148868]
 [ 0.32042694 -0.08312809 -0.11608124  0.24153689]
 [-0.03913876 -0.11145739 -0.2859795   0.0286737 ]
 [ 0.52802116 -0.06177709  0.15959169 -0.23615116]
 [ 0.23890153  0.28581363 -0.09378517  0.03260935]
 [ 0.20429817 -0.08595581 -0.12956099  0.04747321]
 [ 0.24733408  0.00393142 -0.22634289  0.263489  ]
 [-0.23351426  0.2273045   0.19033904 -0.19803393]
 [-0.09005019  0.09914837  0.07817224 -0.13533346]
 [ 0.26550043  0.090444    0.08060329  0.00216331]
 [ 0.02261125  0.12008616  0.28191605 -0.10168023]
 [-0.12078454  0.18587619  0.1233494  -0.15851012]
 [ 0.0995506   0.04137186  0.22405165 -0.21938977]
 [-0.25280964  0.0611193  -0.266348   -0.2240905 ]
 [ 0.29465806 -0.25421846 -0.16639884 -0.29276845]
 [ 0.73812395 -0.2913448  -0.04738745 -0.16193168]
 [ 0.18906547 -0.1788861   0.15968764 -0.08234727]
 [ 0.0720943   0.08257771 -0.12838252  0.08212487]
 [-0.09006952  0.04942476  0.12743305  0.16136025]
 [ 0.601514   -0.26822713  0.11443892  0.1800611 ]
 [-0.23260786 -0.1965823  -0.26019922 -0.09861135]
 [-0.0289403  -0.12232159 -0.06534187  0.17927821]
 [ 0.47620595  0.14640754  0.28546804 -0.06692522]
 [ 0.25155717  0.22471964  0.19820252 -0.05730359]
 [ 0.50408304 -0.05148499  0.01247237  0.02851909]
 [-0.05155095 -0.09679262  0.00772823 -0.08849914]
 [-0.12785012  0.03732779 -0.03576535  0.17578538]
 [-0.13815768 -0.24078117 -0.15117036 -0.28941283]]
Biases: [ 0.7102752  -0.00089195 -0.03449523 -0.02846578]
Layer: dense_3
Weights: [[ 1.30480337e+00  1.36652827e+00  3.40983942e-02 -1.16232947e-01
  -1.50665432e-01 -2.63108373e-01 -2.83152103e-01  5.19482233e-02
  -7.66845196e-02 -1.37096252e-02 -1.81856215e-01 -2.52233922e-01
   4.16019373e-02 -1.03577279e-01 -2.75624126e-01 -8.13094378e-02
   3.10348682e-02 -2.43655398e-01 -2.37832755e-01 -2.31185347e-01
  -7.11603388e-02 -1.04880482e-02  9.90643129e-02 -2.47075602e-01
   1.52713954e-01  6.62552118e-02  4.07777838e-02 -1.14486150e-01
   8.98786858e-02  1.79927781e-01  1.47125199e-01 -1.36691004e-01
  -1.88549027e-01 -1.68882430e-01  1.70759305e-01 -1.63862288e-01
  -6.50849715e-02 -1.61377072e-01 -1.76048011e-01 -3.95939015e-02
  -1.34736812e-02  6.00003563e-02  9.81577858e-02 -7.24150240e-02
  -2.83793539e-01 -4.64133397e-02 -9.89426076e-02 -1.32763475e-01
   4.27283905e-02 -2.03168288e-01 -1.91581428e-01 -1.24976031e-01
  -3.03270947e-02  1.68097809e-01  1.50039062e-01 -2.11705863e-01
   4.80543412e-02 -2.24800602e-01  1.04173847e-01 -7.58536011e-02
  -1.83557998e-02  8.83856937e-02 -1.28657237e-01  3.50753479e-02
   7.90138394e-02  1.65420286e-02  1.83496237e-01 -2.51386106e-01
  -9.84906554e-02  1.38516173e-01 -2.65703291e-01 -9.93857235e-02
  -1.30989090e-01 -2.10983783e-01  1.72252074e-01 -2.61001885e-01
  -2.54101813e-01 -2.25971267e-01]
 [-1.84573919e-01  3.58598270e-02 -5.90253435e-03 -4.91554141e-02
   1.03939408e-02 -1.45184100e-01  2.29997680e-01  1.89705491e-01
  -9.43325236e-02  1.56125575e-01  6.82440549e-02 -2.67188214e-02
  -1.26185969e-01  2.08996251e-01  6.74279779e-02  2.57668465e-01
   1.62978068e-01  1.41853034e-01  2.39629418e-01 -6.34569228e-02
  -1.28013909e-01 -1.40047118e-01  2.04887241e-01  1.73172787e-01
   1.27754778e-01 -6.45351857e-02 -2.55146384e-01 -1.36004001e-01
  -1.45668313e-01  6.24883063e-02  1.05383798e-01  1.76910266e-01
   1.32310074e-02 -1.20014690e-01  2.62956351e-01 -1.13264965e-02
  -3.62139419e-02 -8.44529122e-02 -2.14071855e-01 -1.64038733e-01
  -2.18748644e-01 -9.90020484e-02 -2.01973662e-01  2.45314032e-01
   1.03496224e-01 -7.60773793e-02  1.42874466e-02 -1.19600156e-02
   1.35744378e-01 -3.82141620e-02 -2.07080722e-01  2.45641693e-01
  -1.98634267e-01  2.15031996e-01  1.80659503e-01 -6.67445883e-02
  -4.73731337e-03 -1.05193116e-01  1.13952188e-02  5.61821535e-02
   2.64357813e-02 -1.58869699e-01 -9.45391133e-02  2.55277823e-03
  -1.86091915e-01 -8.81781727e-02 -1.43609405e-01  1.11288384e-01
   2.47241065e-01 -1.61016852e-01  5.81532903e-03  2.52977759e-02
  -2.48247962e-02  2.00213775e-01  2.27562085e-01 -2.09903523e-01
   1.68183029e-01 -1.27513930e-02]
 [ 2.80072749e-01 -1.43796325e-01 -2.20845357e-01 -1.48582682e-01
   1.43697202e-01  2.20941499e-01 -1.66075662e-01 -3.13909128e-02
  -2.21907329e-02  8.63186866e-02 -1.04073659e-02  1.47542924e-01
   4.14426550e-02  2.56234139e-01  2.11500242e-01  2.47131437e-01
   4.63501588e-02 -2.25644350e-01 -1.02568969e-01  9.26277414e-02
  -4.01742756e-02  2.38253817e-01  6.93487078e-02 -1.35888487e-01
  -1.92303938e-04  3.11107449e-02 -1.67944625e-01 -2.13162631e-01
  -2.66935617e-01 -2.13391915e-01 -5.65521680e-02  8.88026133e-02
   7.75865093e-02 -4.89446931e-02  1.79561436e-01 -6.52233660e-02
  -8.35476592e-02  1.72099486e-01 -4.23536822e-02  2.07030088e-01
  -2.41724029e-01 -1.48670971e-01  2.02895448e-01  1.96812779e-01
  -9.58138481e-02  4.25035320e-02 -1.27014458e-01  5.92451990e-02
  -6.08364604e-02 -5.46673723e-02 -1.11231469e-01 -1.06562771e-01
   2.67544448e-01 -4.13895324e-02 -1.20075144e-01  2.24052846e-01
  -2.70916909e-01 -2.50435621e-01  9.71725285e-02  1.04107387e-01
   1.65052995e-01 -2.19677854e-02 -6.47664666e-02 -7.78892785e-02
  -8.50832015e-02  3.28681991e-02 -2.02596337e-01  3.93896028e-02
   2.14006305e-01 -2.73361057e-01  1.88221276e-01  1.32451251e-01
   7.46072829e-02 -3.75394411e-02  1.55440956e-01 -5.78252263e-02
  -3.16048265e-02 -2.26016700e-01]
 [-2.05554128e-01  1.39501974e-01 -9.55189019e-02  1.43277869e-01
   7.54842609e-02 -4.70810086e-02 -2.23080069e-01  2.09469929e-01
  -1.89384416e-01  9.32414085e-02 -1.07528001e-01  5.49641587e-02
  -7.71753415e-02 -2.42888704e-01  8.97403923e-04 -1.44090116e-01
   2.17909843e-01  2.23666221e-01 -1.57357037e-01  2.48189613e-01
  -1.65023245e-02  1.33765936e-01 -2.88299862e-02 -2.35904813e-01
  -3.28937434e-02 -1.99935973e-01 -1.52482152e-01  3.71423438e-02
   1.00232907e-01  1.70310333e-01 -2.54871815e-01 -5.47399893e-02
   4.59302701e-02  3.75386663e-02 -1.49530306e-01  2.54394621e-01
   1.26671195e-02 -6.18998893e-02  1.53532431e-01  5.85175827e-02
   8.10242295e-02  2.18886226e-01 -1.04862139e-01 -5.87540716e-02
   1.93230465e-01  8.28962997e-02  1.66062832e-01  3.72422040e-02
  -1.49629653e-01 -5.15636839e-02  2.39869878e-01 -1.79228827e-01
  -2.67342001e-01 -2.35909626e-01  1.47870094e-01  2.60061324e-01
   9.82429683e-02  8.11402649e-02  1.30411342e-01  1.20583363e-01
  -1.43557057e-01 -1.51879281e-01 -9.91950259e-02  2.01403648e-01
  -3.38765047e-03  2.23377049e-01 -1.93449020e-01 -3.39082964e-02
  -3.88848712e-03  5.14622182e-02  1.18158959e-01  1.32396653e-01
   1.88497022e-01  2.63820112e-01 -2.36824825e-01  1.43694699e-01
   8.58184919e-02 -1.77425295e-01]]
Biases: [ 0.47171015  0.8584575  -0.019095   -0.01507089 -0.01470342 -0.01240584
 -0.01137801 -0.0212214  -0.01579917 -0.0186167  -0.01347299 -0.01262715
 -0.02029885 -0.01558012 -0.01225145 -0.01636828 -0.02057777 -0.01248018
 -0.01224301 -0.01321517 -0.01621347 -0.01929247 -0.02342215 -0.01195175
 -0.02649396 -0.02111211 -0.01940192 -0.01480736 -0.02186595 -0.02796657
 -0.02515301 -0.01471011 -0.01371092 -0.01388627 -0.02860625 -0.01431978
 -0.01634281 -0.01428768 -0.01392909 -0.01796962 -0.01768377 -0.02118302
 -0.02376666 -0.0166657  -0.01196326 -0.01735436 -0.01558968 -0.01489524
 -0.01984175 -0.0130649  -0.01363323 -0.01442796 -0.01779971 -0.02676516
 -0.02622761 -0.01383881 -0.01993351 -0.01256549 -0.02430884 -0.01668055
 -0.01817468 -0.02212264 -0.01453202 -0.02027709 -0.02176337 -0.019925
 -0.02710774 -0.01236522 -0.01605466 -0.02439568 -0.01254617 -0.01609398
 -0.01523498 -0.01341744 -0.02828671 -0.01230499 -0.01238179 -0.01224704]
