-13.641563565058478
-9.32175318666489
-6.001236147433207
-2.5647834920152324
-8.851627742714141
-9.71730103163681
-8.853445899126294
-9.635045099616717
-17.72286169891308
-967742.6754231586
-983606.9645829377
-1000000.0
-983606.9727943393
-967742.8153022837
-1000000.0
-1000000.0
-983607.0702196553
-1000000.0
-1000000.0
-983607.0317228197
-983607.0317228197
-983607.0317228197
-983607.0317228197
-983607.0317228197
-983607.0317228197
-983607.0317228197
-1000000.0
-1000000.0
-967742.7727242289
-967742.7727242289
-967742.7727242289
-952382.1835756236
-937501.6241506606
-937501.6241506606
-937501.6241506606
-923078.9975721313
-923078.9975721313
-909093.3669629404
-857146.8067819878
-821922.6368746262
-750006.9191805946
-638307.9667162581
-25.979584730589366
-22.543522101268138
-19.98828072522344
-952382.2083793812
-821922.7124092372
-689664.2486803037
-618567.9354918441
-476206.01606902893
-24.129886084067117
-22.146750181364403
-20.521746648651693
-17.679443169495126
-16.16281044499709
-15.247793552513885
-14.549903733275483
-13.996648543097697
-13.61761729438086
-13.091482890699325
-491679.95618891105
-19.890652331379492
-18.313718017507448
-17.242147756511525
-15.462759077248707
-14.203258361623822
-13.162492314901433
-12.413620153072323
-11.865100566154194
-11.312972381453353
-10.961582121806476
-10.481880280572184
-10.125414122548065
-9.937508300198417
-9.738285141808221
-9.429536185901458
-9.160464852304218
-9.066044466086712
-8.867023506119555
-8.805983578950533
-8.709113380079817
-8.580368253752837
-8.392093228254971
-8.10517939780739
-7.907887472728764
-7.819633254177338
-7.936447206996924
-7.776012989205954
-7.546866593899193
-7.506704341985619
-7.352896873575178
-7.289820811210216
-7.209682183996354
-7.209682183996354
-7.209682183996354
-7.209246986613074
-7.183701887807805
-7.064343131915771
-7.056416205343417
-6.913678197267558
-6.752079647081312
-6.715392074508124
-6.697854057401238
-6.697854057401238
-6.635766354262356
-6.5335836714056885
-6.500511248950794
-6.561647164080826
-6.437158920366661
-6.414145912682944
-6.416360260677954
-6.330444603004299
-6.281169983736348
-6.320642256719198
-6.268997275761496
-6.237135914546592
-6.337032490589285
-6.097705003937964
-6.103654595813865
-6.125808740516683
-6.0451521286286845
-6.024267821172982
-6.1015927091969075
-5.974439971873538
-5.952854529901487
-6.005364675172843
-5.8350455521004445
-5.848837407498225
-5.855925174296936
-5.799652199508593
-5.799652199508593
-5.799652199508593
-5.776893315143182
-5.726958668947956
-5.747025457609347
-5.722191560093968
-5.699111053954588
-5.626316098923256
-5.626316098923256
-5.740910332177893
-5.60989798632743
-5.54596623447097
-5.476927963577553
-5.566765866870432
-5.43775768654672
-5.381174176770331
-5.381174176770331
-5.381174176770331
-5.381174176770331
-5.372842758864051
-5.3009546084722965
-5.4399995891988056
-5.303045260546857
-5.289235620625911
-5.289235620625911
-5.263291614583382
-5.2195833990519045
-5.197997957079853
-5.180275495243061
-5.106646944233429
-5.0892493093967115
-5.0892493093967115
-5.082895052146914
-5.082895052146914
-5.095793465559437
-5.006617189279762
-5.006617189279762
-5.006617189279762
-5.006617189279762
-5.006617189279762
-5.087135873927748
-4.986781916761539
-4.9705588400359195
-4.9705588400359195
-5.105572997534056
-5.027590124582532
-4.9969324778397635
-4.9969324778397635
-4.9969324778397635
-4.994588500272945
-4.994588500272945
-4.981703123264628
-4.972774153069753
-4.972774153069753
-4.972774153069753
-5.060267729965238
-4.973188610357349
-4.954127832156066
-4.923280871429283
-4.923280871429283
-4.905093834408939
-4.905093834408939
-5.0556391432233685
-5.01894952904575
-5.009644232267759
-4.946673083551353
-4.946673083551353
-4.929904482124698
-4.929904482124698
-4.9199632259464785
-4.9199632259464785
-4.9199632259464785
-4.9199632259464785
-4.917373412652356
-4.917373412652356
-4.939782615560457
-4.9109005713605995
-4.9109005713605995
-4.867031168263894
-4.867031168263894
-4.89028032968767
-4.831410891549009
-4.831410891549009
-4.831410891549009
-4.807644430731534
-4.807644430731534
-4.807644430731534
-4.807644430731534
-4.772902396158013
-4.772902396158013
-4.766774719352129
-4.877542684048154
-4.859582017558808
-4.8380846619776765
-4.834001945495679
-4.8108916734374505
-4.791747726844763
-4.791747726844763
-4.778067503191468
-4.778067503191468
-4.713967817990987
-4.731462524698967
-4.703556583021751
-4.703556583021751
-4.6521595663264135
-4.81311936243028
-4.6889541199554
-4.662687794156332
-4.634443424506114
-4.600974345666435
-4.600974345666435
-4.600974345666435
-4.600974345666435
-4.597468786973447
-4.597468786973447
-4.494056790459127
-4.657541420762261
-4.655552845123689
-4.59332340537647
-4.571836499584004
-4.571836499584004
-4.571836499584004
-4.571836499584004
-4.571836499584004
-4.571836499584004
-4.544390493917417
-4.565877399709883
-4.553319464112293
-4.519319833416863
-4.519319833416863
-4.51775376192356
-4.478220229260801
-4.478220229260801
-4.594112182418499
-4.576150819727726
-4.461193333829286
-4.454206933961805
-4.402809917266467
-4.402809917266467
-4.3704432242118205
-4.3704432242118205
-4.3704432242118205
-4.3704432242118205
-4.3704432242118205
-4.431086117108454
-4.369006933619565
-4.33825407293461
-4.366372575427176
-4.366372575427176
-4.35596134045794
-4.35596134045794
-4.35596134045794
-4.354004912686793
-4.354004912686793
-4.3451597492108585
-4.3451597492108585
-4.317795721521028
-4.317795721521028
-4.42839403159117
-4.376277021442936
-4.376277021442936
-4.364280103541723
-4.364280103541723
-4.364280103541723
-4.364280103541723
-4.364280103541723
-4.329744464721935
-4.323437612639957
-4.323437612639957
-4.323437612639957
-4.32936758341698
-4.32936758341698
-4.316711111639803
-4.3101574866109615
-4.3101574866109615
-4.3101574866109615
-4.290187126296116
-4.259317539913297
-4.259317539913297
-4.259317539913297
-4.451206812835867
-4.308437131815143
-4.235139695885524
-4.235139695885524
-4.2331832681143755
-4.2331832681143755
-4.2331832681143755
-4.2331832681143755
-4.2331832681143755
-4.2331832681143755
-4.2331832681143755
-4.19350205462387
-4.179431240280552
-4.179431240280552
-4.179431240280552
-4.179431240280552
-4.179431240280552
-4.342662531940901
-4.222889226039758
-4.180323858831224
-4.180323858831224
-4.150522473473635
