Layer: dense
Weights: [[ 3.52166742e-02 -1.42195418e-01  2.45152265e-02 ... -2.11409908e-02
   1.41760200e-01  6.55379444e-02]
 [ 3.56033407e-02 -1.24658898e-01 -5.58565855e-02 ...  1.20948646e-02
   3.39240581e-02  1.04525164e-01]
 [-1.76223785e-01  1.25051752e-01  1.13515273e-01 ... -1.30904481e-01
   1.41196921e-02 -1.53640568e-01]
 ...
 [ 1.43493906e-01 -1.77142888e-01  1.12729266e-01 ...  5.98820001e-02
   9.09309909e-02  4.22871076e-02]
 [ 1.40576003e-05  1.41484514e-01 -1.59614474e-01 ...  1.85343802e-01
   1.65446013e-01  9.45597738e-02]
 [-2.15399861e-02  1.41479671e-01  1.85853392e-01 ...  8.10385197e-02
  -7.47853294e-02 -3.86973061e-02]]
Biases: [ 2.55477906e-04  1.55796697e-02 -9.63638769e-04 -7.83685315e-03
 -3.08198761e-03  9.93243977e-03 -6.46319473e-03  1.34590007e-02
 -5.98297408e-03 -8.70455988e-03 -6.43277820e-03  1.82965829e-03
 -4.80029872e-03  3.73819144e-03 -9.09700431e-03  4.53576026e-03
 -7.92621821e-03 -5.06029371e-03  1.00824134e-02 -3.10601946e-03
  3.58188455e-03 -7.68328225e-03  7.50576518e-03 -1.66329602e-03
  4.75256331e-03  3.61323403e-03 -6.29660426e-05  1.00721177e-02
  7.28703896e-03  9.13179421e-04  4.72640339e-03 -8.80707812e-04
  3.56556405e-03  3.17920255e-03 -9.09404363e-03  1.63289793e-02
 -3.24832788e-03 -2.00581527e-03  5.60160121e-03 -2.69468088e-04
  6.47394313e-03 -3.98535887e-03 -4.86005703e-03  4.61295480e-03
  8.87035672e-03  6.40855916e-03 -1.34916035e-02  1.28111178e-02
  8.04996211e-03  6.46980014e-03  6.15325430e-03 -6.71919016e-03
 -3.57194641e-03  9.69667104e-04 -2.24967487e-03  2.33146152e-03
 -6.82070618e-03  1.96671416e-03 -2.16352381e-03  1.52425114e-02
  1.73842311e-02 -1.08616315e-02 -7.62528274e-03  5.36395563e-03
 -1.45049358e-03  2.25891708e-03 -7.23426044e-03 -1.52969342e-02
 -4.62713884e-04  7.84907676e-03  1.15288878e-02 -6.50688866e-03
 -4.67522210e-03 -8.96395301e-04 -1.50337629e-03 -3.61017254e-03
 -6.56888634e-03  9.82265774e-05  8.01292341e-03 -2.44954764e-03
 -4.90229903e-03  5.70666860e-04  6.74772868e-03  2.02619657e-02
 -6.25849282e-03  3.81541229e-03  1.35916062e-02  1.35717145e-03
 -6.53173251e-04  2.17229594e-02  4.50520925e-02 -2.86664930e-03
  3.58519173e-04 -5.62321069e-03  3.61303886e-04  2.71722674e-03
 -2.99284956e-03  5.73167158e-03  2.36361958e-02 -2.18489047e-04
 -1.02396086e-02  2.64948863e-03  2.56728590e-03 -1.01147899e-02
  9.54737142e-03  6.88612973e-03  2.65992223e-03 -4.99328272e-03
 -7.33420346e-03  5.15505439e-03  1.05195558e-02 -6.91720459e-04
 -6.89884182e-03  4.17181887e-02  1.03283310e-02 -2.02056533e-03
 -6.75427401e-03 -2.56837043e-03  1.21408990e-02 -9.86113399e-03
 -1.09894602e-02 -8.52914294e-04 -6.46709325e-03  3.19099100e-03
  3.89605970e-03  5.75007580e-04  4.46807407e-03  9.17320792e-03]
Layer: dense_1
Weights: [[ 0.04754798  0.01541509  0.1294101  ... -0.14623483  0.09628138
  -0.16773896]
 [ 0.02862548  0.05933532  0.0674526  ... -0.06353965  0.13254972
  -0.00131394]
 [-0.10074694  0.05853958  0.17130157 ... -0.00822734 -0.11287477
   0.11760294]
 ...
 [-0.12131419  0.11702625  0.04166664 ... -0.09411217  0.07371368
   0.16273192]
 [ 0.04981391  0.1029977  -0.10706071 ... -0.08285309  0.09039582
  -0.15312332]
 [ 0.07255856 -0.12732099 -0.041261   ...  0.14959304 -0.04386374
   0.07240339]]
Biases: [ 7.80820614e-03  6.31013094e-03  2.12567281e-02  1.72818627e-03
  1.15845725e-02 -3.78646958e-03 -1.44334033e-03 -1.96964201e-02
  9.29572619e-03  1.09342327e-02  2.79298029e-03  1.81385577e-02
 -5.70783205e-03 -1.25045478e-02 -5.60175302e-03  2.77498253e-02
 -1.30524663e-02 -1.11647253e-03  7.10373418e-03 -6.04807166e-03
 -3.16130067e-03  1.28830019e-02  1.54580102e-05  2.20600814e-02
  4.59855003e-03  8.96192901e-03 -3.91575927e-03 -1.88598840e-03
 -3.77947325e-03  9.24389344e-03  7.70280778e-04 -2.36528204e-03
 -2.41941394e-04  8.58785678e-03 -1.30977742e-02  1.97662320e-02
  2.38980353e-02 -6.37553690e-04  1.14215054e-02  2.71047186e-02
 -6.00016816e-03 -6.49285410e-03  1.28122349e-03  9.87475179e-03
 -4.74893441e-03  1.35659091e-02 -9.55270883e-03  1.98525283e-03
  5.05591230e-03  9.62684304e-03 -1.92267855e-03  1.94632895e-02
  2.27303477e-03  1.31426938e-02  9.70225595e-03 -1.37967253e-02
  2.26056650e-02 -4.46861796e-03 -5.39866183e-03 -2.56793969e-03
  1.40424035e-02  8.74582678e-04 -9.74668376e-03  3.42096481e-03]
Layer: dense_2
Weights: [[-0.03876683 -0.22451366 -0.0349397   0.3139861 ]
 [ 0.24590917  0.04541097  0.2490666  -0.08392099]
 [ 0.30777258  0.27631456  0.24725306  0.33764288]
 [-0.2619279   0.29234344 -0.00462328 -0.22714366]
 [ 0.05394479  0.25741208 -0.15578187 -0.04499628]
 [ 0.01518493 -0.21308585  0.21303484  0.04508765]
 [ 0.18854558 -0.19031648  0.12155157 -0.19405204]
 [ 0.18138236  0.21812648  0.2579592   0.16116114]
 [-0.20579985  0.08936968 -0.10911022 -0.285547  ]
 [ 0.04132916  0.08895338 -0.17858872  0.23266561]
 [ 0.02406963 -0.10320949 -0.19145471 -0.01165899]
 [-0.2562901  -0.19907086  0.04685145 -0.06129985]
 [ 0.07944854 -0.15308738  0.13695069 -0.0333957 ]
 [-0.04731868  0.14157689 -0.05052471  0.26898295]
 [-0.2543827   0.13162254 -0.07417198 -0.06281838]
 [-0.2041816  -0.26652932 -0.24692367 -0.1652792 ]
 [-0.23767596 -0.17547178  0.27483264 -0.24600604]
 [ 0.2180951  -0.26168168  0.25153613 -0.18471773]
 [-0.05992574 -0.24808541 -0.15001163  0.05547544]
 [ 0.12706794  0.01741234  0.09509243  0.08162332]
 [ 0.2210666   0.02688448 -0.15210976 -0.1205378 ]
 [ 0.00736662 -0.09020838 -0.2953148  -0.21488671]
 [-0.01353649  0.10153438  0.08240873 -0.153853  ]
 [ 0.0825951   0.2707464  -0.0692446   0.320316  ]
 [ 0.14951777 -0.29332778 -0.02029721 -0.13730045]
 [ 0.18576676  0.2790503  -0.2050847  -0.01728833]
 [ 0.08414277  0.21409523 -0.12260133 -0.29271865]
 [-0.21555918  0.07497898 -0.07315077  0.24830322]
 [-0.2901542  -0.03281436  0.0563169  -0.01736547]
 [ 0.01881658 -0.00162779 -0.26093125  0.09285074]
 [ 0.12842977  0.15946351 -0.0976337   0.02187433]
 [ 0.02291835 -0.24082676  0.293598    0.07169928]
 [ 0.24573153  0.05711658  0.19542381 -0.20942289]
 [-0.07194303  0.13690647 -0.26323918  0.23687217]
 [-0.22228114 -0.1897783   0.2595237  -0.24599   ]
 [ 0.3087973   0.06415553 -0.29161197  0.22073418]
 [ 0.29599974  0.22768047  0.14763588  0.03860275]
 [ 0.29053476 -0.06961758  0.01694673 -0.2040802 ]
 [ 0.20343004  0.20504919  0.22124271 -0.05690391]
 [-0.29977426 -0.28569838 -0.20019303 -0.0397545 ]
 [-0.25489414 -0.28270078 -0.20338063  0.18120892]
 [-0.22342758  0.23873521 -0.0426605  -0.06459319]
 [-0.17306913  0.28801775 -0.0715385  -0.09262104]
 [ 0.27766475 -0.10633989  0.02385937 -0.04019271]
 [-0.27991596  0.29202726  0.15992361 -0.10270842]
 [-0.25758654 -0.11360933  0.05397402 -0.0603477 ]
 [-0.18005966 -0.13321806  0.19605286  0.04101022]
 [-0.00155428  0.0778617  -0.18922588  0.00046343]
 [-0.28951934 -0.10820194  0.08790334 -0.04437098]
 [-0.0659699  -0.15625103 -0.05526074 -0.07512145]
 [ 0.16012718  0.10696105 -0.17013505 -0.2390889 ]
 [ 0.03647514  0.20126286 -0.2376607   0.27982876]
 [ 0.04990782 -0.2633277   0.24151728  0.07047451]
 [ 0.30876085  0.04329104  0.2541081  -0.04175903]
 [ 0.2069188   0.03689545 -0.18718116  0.02351389]
 [-0.11317609 -0.01508263 -0.05940291 -0.10636921]
 [ 0.24974193 -0.12073533 -0.10971721  0.2404627 ]
 [-0.22186136 -0.27508727  0.20059532 -0.08623639]
 [ 0.11899927  0.06527257  0.18710528 -0.15744925]
 [-0.24628581  0.2329166   0.2649767  -0.28604534]
 [-0.16500753  0.22574796  0.14501797  0.32241246]
 [ 0.19090265  0.26379418 -0.14302155 -0.28232336]
 [-0.2154047  -0.06862235 -0.27527612 -0.01795305]
 [ 0.16535683 -0.15787886  0.21560466  0.08818807]]
Biases: [ 0.04555057  0.01987599 -0.00999454  0.0462459 ]
Layer: dense_3
Weights: [[-0.6501186 ]
 [-0.4886139 ]
 [ 0.13305861]
 [-0.79190606]]
Biases: [-0.09800377]
