-16.775902955061703
-14.23606449106751
-12.993779992369946
-12.040569487722939
-10.595935127617249
-7.944032440478026
-4.303920828840529
-1.9343062600390197
-0.7654802318881715
-0.1839459449587214
7.460698725481052e-14
7.460698725481052e-14
7.460698725481052e-14
7.460698725481052e-14
7.460698725481052e-14
7.460698725481052e-14
7.460698725481052e-14
7.460698725481052e-14
7.460698725481052e-14
7.460698725481052e-14
7.460698725481052e-14
7.460698725481052e-14
7.460698725481052e-14
7.460698725481052e-14
7.460698725481052e-14
7.460698725481052e-14
7.460698725481052e-14
7.460698725481052e-14
7.460698725481052e-14
7.460698725481052e-14
7.460698725481052e-14
7.460698725481052e-14
7.460698725481052e-14
7.460698725481052e-14
7.460698725481052e-14
7.460698725481052e-14
7.460698725481052e-14
7.460698725481052e-14
7.460698725481052e-14
7.460698725481052e-14
7.460698725481052e-14
7.460698725481052e-14
7.460698725481052e-14
7.460698725481052e-14
7.460698725481052e-14
7.460698725481052e-14
7.460698725481052e-14
7.460698725481052e-14
7.460698725481052e-14
7.460698725481052e-14
7.460698725481052e-14
7.460698725481052e-14
7.460698725481052e-14
7.460698725481052e-14
7.460698725481052e-14
7.460698725481052e-14
7.460698725481052e-14
7.460698725481052e-14
7.460698725481052e-14
7.460698725481052e-14
7.460698725481052e-14
7.460698725481052e-14
7.460698725481052e-14
7.460698725481052e-14
7.460698725481052e-14
7.460698725481052e-14
7.460698725481052e-14
7.460698725481052e-14
7.460698725481052e-14
7.460698725481052e-14
7.460698725481052e-14
7.460698725481052e-14
7.460698725481052e-14
7.460698725481052e-14
7.460698725481052e-14
7.460698725481052e-14
7.460698725481052e-14
7.460698725481052e-14
7.460698725481052e-14
7.460698725481052e-14
7.460698725481052e-14
7.460698725481052e-14
7.460698725481052e-14
7.460698725481052e-14
7.460698725481052e-14
7.460698725481052e-14
7.460698725481052e-14
7.460698725481052e-14
7.460698725481052e-14
7.460698725481052e-14
7.460698725481052e-14
7.460698725481052e-14
7.460698725481052e-14
7.460698725481052e-14
7.460698725481052e-14
7.460698725481052e-14
7.460698725481052e-14
7.460698725481052e-14
7.460698725481052e-14
7.460698725481052e-14
7.460698725481052e-14
7.460698725481052e-14
7.460698725481052e-14
7.460698725481052e-14
7.460698725481052e-14
7.460698725481052e-14
7.460698725481052e-14
7.460698725481052e-14
7.460698725481052e-14
7.460698725481052e-14
7.460698725481052e-14
7.460698725481052e-14
7.460698725481052e-14
7.460698725481052e-14
7.460698725481052e-14
7.460698725481052e-14
7.460698725481052e-14
7.460698725481052e-14
7.460698725481052e-14
7.460698725481052e-14
7.460698725481052e-14
7.460698725481052e-14
7.460698725481052e-14
7.460698725481052e-14
7.460698725481052e-14
7.460698725481052e-14
7.460698725481052e-14
7.460698725481052e-14
7.460698725481052e-14
7.460698725481052e-14
7.460698725481052e-14
7.460698725481052e-14
7.460698725481052e-14
7.460698725481052e-14
7.460698725481052e-14
7.460698725481052e-14
7.460698725481052e-14
7.460698725481052e-14
7.460698725481052e-14
7.460698725481052e-14
7.460698725481052e-14
7.460698725481052e-14
7.460698725481052e-14
7.460698725481052e-14
7.460698725481052e-14
7.460698725481052e-14
7.460698725481052e-14
7.460698725481052e-14
7.460698725481052e-14
7.460698725481052e-14
7.460698725481052e-14
7.460698725481052e-14
7.460698725481052e-14
7.460698725481052e-14
7.460698725481052e-14
7.460698725481052e-14
7.460698725481052e-14
7.460698725481052e-14
7.460698725481052e-14
7.460698725481052e-14
7.460698725481052e-14
7.460698725481052e-14
7.460698725481052e-14
7.460698725481052e-14
7.460698725481052e-14
7.460698725481052e-14
7.460698725481052e-14
7.460698725481052e-14
7.460698725481052e-14
7.460698725481052e-14
7.460698725481052e-14
7.460698725481052e-14
7.460698725481052e-14
7.460698725481052e-14
7.460698725481052e-14
7.460698725481052e-14
7.460698725481052e-14
7.460698725481052e-14
7.460698725481052e-14
7.460698725481052e-14
7.460698725481052e-14
7.460698725481052e-14
7.460698725481052e-14
7.460698725481052e-14
7.460698725481052e-14
7.460698725481052e-14
7.460698725481052e-14
7.460698725481052e-14
7.460698725481052e-14
7.460698725481052e-14
7.460698725481052e-14
7.460698725481052e-14
7.460698725481052e-14
7.460698725481052e-14
7.460698725481052e-14
7.460698725481052e-14
7.460698725481052e-14
7.460698725481052e-14
7.460698725481052e-14
7.460698725481052e-14
7.460698725481052e-14
7.460698725481052e-14
7.460698725481052e-14
7.460698725481052e-14
7.460698725481052e-14
7.460698725481052e-14
7.460698725481052e-14
7.460698725481052e-14
7.460698725481052e-14
7.460698725481052e-14
7.460698725481052e-14
7.460698725481052e-14
7.460698725481052e-14
7.460698725481052e-14
7.460698725481052e-14
7.460698725481052e-14
7.460698725481052e-14
7.460698725481052e-14
7.460698725481052e-14
7.460698725481052e-14
7.460698725481052e-14
7.460698725481052e-14
7.460698725481052e-14
7.460698725481052e-14
7.460698725481052e-14
7.460698725481052e-14
7.460698725481052e-14
7.460698725481052e-14
7.460698725481052e-14
7.460698725481052e-14
7.460698725481052e-14
7.460698725481052e-14
7.460698725481052e-14
7.460698725481052e-14
7.460698725481052e-14
