-16.108640745658846
-13.31947092964899
-11.957099581413193
-11.05332365099762
-9.642772932441229
-7.315237742386094
-3.9333081450404888
-1.5505259357643957
-0.3678918899175334
7.460698725481052e-14
7.460698725481052e-14
7.460698725481052e-14
7.460698725481052e-14
7.460698725481052e-14
7.460698725481052e-14
7.460698725481052e-14
7.460698725481052e-14
7.460698725481052e-14
7.460698725481052e-14
7.460698725481052e-14
7.460698725481052e-14
7.460698725481052e-14
7.460698725481052e-14
7.460698725481052e-14
7.460698725481052e-14
7.460698725481052e-14
7.460698725481052e-14
7.460698725481052e-14
7.460698725481052e-14
7.460698725481052e-14
7.460698725481052e-14
7.460698725481052e-14
7.460698725481052e-14
7.460698725481052e-14
7.460698725481052e-14
7.460698725481052e-14
7.460698725481052e-14
7.460698725481052e-14
7.460698725481052e-14
7.460698725481052e-14
7.460698725481052e-14
7.460698725481052e-14
7.460698725481052e-14
7.460698725481052e-14
7.460698725481052e-14
7.460698725481052e-14
7.460698725481052e-14
7.460698725481052e-14
7.460698725481052e-14
7.460698725481052e-14
7.460698725481052e-14
7.460698725481052e-14
7.460698725481052e-14
7.460698725481052e-14
7.460698725481052e-14
7.460698725481052e-14
7.460698725481052e-14
7.460698725481052e-14
7.460698725481052e-14
7.460698725481052e-14
7.460698725481052e-14
7.460698725481052e-14
7.460698725481052e-14
7.460698725481052e-14
7.460698725481052e-14
7.460698725481052e-14
7.460698725481052e-14
7.460698725481052e-14
7.460698725481052e-14
7.460698725481052e-14
7.460698725481052e-14
7.460698725481052e-14
7.460698725481052e-14
7.460698725481052e-14
7.460698725481052e-14
7.460698725481052e-14
7.460698725481052e-14
7.460698725481052e-14
7.460698725481052e-14
7.460698725481052e-14
7.460698725481052e-14
7.460698725481052e-14
7.460698725481052e-14
7.460698725481052e-14
7.460698725481052e-14
7.460698725481052e-14
7.460698725481052e-14
7.460698725481052e-14
7.460698725481052e-14
7.460698725481052e-14
7.460698725481052e-14
7.460698725481052e-14
7.460698725481052e-14
7.460698725481052e-14
7.460698725481052e-14
7.460698725481052e-14
7.460698725481052e-14
7.460698725481052e-14
7.460698725481052e-14
7.460698725481052e-14
7.460698725481052e-14
7.460698725481052e-14
7.460698725481052e-14
7.460698725481052e-14
7.460698725481052e-14
7.460698725481052e-14
7.460698725481052e-14
7.460698725481052e-14
7.460698725481052e-14
7.460698725481052e-14
7.460698725481052e-14
7.460698725481052e-14
7.460698725481052e-14
7.460698725481052e-14
7.460698725481052e-14
7.460698725481052e-14
7.460698725481052e-14
7.460698725481052e-14
7.460698725481052e-14
7.460698725481052e-14
7.460698725481052e-14
7.460698725481052e-14
7.460698725481052e-14
7.460698725481052e-14
7.460698725481052e-14
7.460698725481052e-14
7.460698725481052e-14
7.460698725481052e-14
7.460698725481052e-14
7.460698725481052e-14
7.460698725481052e-14
7.460698725481052e-14
7.460698725481052e-14
7.460698725481052e-14
7.460698725481052e-14
7.460698725481052e-14
7.460698725481052e-14
7.460698725481052e-14
7.460698725481052e-14
7.460698725481052e-14
7.460698725481052e-14
7.460698725481052e-14
7.460698725481052e-14
7.460698725481052e-14
7.460698725481052e-14
7.460698725481052e-14
7.460698725481052e-14
7.460698725481052e-14
7.460698725481052e-14
7.460698725481052e-14
7.460698725481052e-14
7.460698725481052e-14
7.460698725481052e-14
7.460698725481052e-14
7.460698725481052e-14
7.460698725481052e-14
7.460698725481052e-14
7.460698725481052e-14
7.460698725481052e-14
7.460698725481052e-14
7.460698725481052e-14
7.460698725481052e-14
7.460698725481052e-14
7.460698725481052e-14
7.460698725481052e-14
7.460698725481052e-14
7.460698725481052e-14
7.460698725481052e-14
7.460698725481052e-14
7.460698725481052e-14
7.460698725481052e-14
7.460698725481052e-14
7.460698725481052e-14
7.460698725481052e-14
7.460698725481052e-14
7.460698725481052e-14
7.460698725481052e-14
7.460698725481052e-14
7.460698725481052e-14
7.460698725481052e-14
7.460698725481052e-14
7.460698725481052e-14
7.460698725481052e-14
7.460698725481052e-14
7.460698725481052e-14
7.460698725481052e-14
7.460698725481052e-14
7.460698725481052e-14
7.460698725481052e-14
7.460698725481052e-14
7.460698725481052e-14
7.460698725481052e-14
7.460698725481052e-14
7.460698725481052e-14
7.460698725481052e-14
7.460698725481052e-14
7.460698725481052e-14
7.460698725481052e-14
7.460698725481052e-14
7.460698725481052e-14
7.460698725481052e-14
7.460698725481052e-14
7.460698725481052e-14
7.460698725481052e-14
7.460698725481052e-14
7.460698725481052e-14
7.460698725481052e-14
7.460698725481052e-14
7.460698725481052e-14
7.460698725481052e-14
7.460698725481052e-14
7.460698725481052e-14
7.460698725481052e-14
7.460698725481052e-14
7.460698725481052e-14
7.460698725481052e-14
7.460698725481052e-14
7.460698725481052e-14
7.460698725481052e-14
7.460698725481052e-14
7.460698725481052e-14
7.460698725481052e-14
7.460698725481052e-14
7.460698725481052e-14
7.460698725481052e-14
7.460698725481052e-14
7.460698725481052e-14
7.460698725481052e-14
7.460698725481052e-14
7.460698725481052e-14
7.460698725481052e-14
7.460698725481052e-14
7.460698725481052e-14
7.460698725481052e-14
7.460698725481052e-14
