Layer: dense
Weights: [[ 0.16613483 -0.03785525  0.04783003 ... -0.06108741 -0.16927476
  -0.1631068 ]
 [-0.08868234  0.06938492 -0.09882861 ... -0.16099311  0.05081815
  -0.13656089]
 [-0.04542645 -0.14561445  0.14372714 ...  0.11500702 -0.11672899
  -0.08033071]
 ...
 [ 0.12694393  0.13826014  0.16657653 ...  0.09615381  0.15428041
  -0.04025934]
 [ 0.05505792  0.02169109 -0.0878371  ...  0.10544099 -0.12386342
   0.16335355]
 [ 0.0617672   0.08382199  0.01614201 ...  0.01671646  0.0668079
  -0.00995203]]
Biases: [ 7.77121691e-04  2.86178035e-03  5.58273448e-03  2.24707020e-03
  6.67270552e-03  6.58587320e-04 -2.95908423e-03  5.04280347e-03
 -6.51027076e-03  3.89113295e-04  2.14145333e-03  4.55092965e-03
  5.44064771e-03  2.33403984e-02  3.40475934e-03 -1.86773960e-03
  2.45226547e-03 -1.86965126e-03 -3.82499048e-03  8.90760930e-05
  1.83260906e-03 -1.16358488e-03  5.94778871e-03 -9.51722823e-03
  1.22579169e-02 -6.00809557e-03 -4.47485968e-03 -6.42557954e-03
  4.43682831e-04  2.43963837e-03  8.99711531e-03  2.00755312e-03
 -9.46217449e-04 -2.24323221e-03  6.05052244e-03  1.46216089e-02
  5.04003401e-05  2.47106724e-03 -1.06641660e-02 -1.44249236e-03
  5.88675030e-03  2.09210580e-03  1.05857151e-02  2.18338409e-05
  6.07459014e-03 -5.70419012e-03 -1.71245895e-02 -1.82120700e-03
 -1.40989071e-03 -7.55928596e-03  6.17276691e-03  7.60120060e-03
  1.13610062e-03 -5.31760184e-03  7.19165336e-03 -9.26715415e-03
  3.75290494e-03  1.50106777e-03 -7.36699076e-05  2.46434123e-03
  2.57917144e-03  7.98186939e-03  6.13287033e-04  1.20313175e-03
 -1.01242412e-03 -4.62247815e-04  9.84042490e-05  4.09496570e-04
 -3.31035908e-03  2.42428877e-03 -3.48346378e-03  5.04290825e-03
 -8.82955268e-04  2.69584521e-03 -7.63514778e-04  3.77242593e-03
 -7.06343912e-04  2.64479546e-03  2.83074216e-03 -1.31131578e-02
  1.15342168e-02  5.76584891e-04 -9.26003500e-04 -6.45864941e-03
  3.42231919e-03 -7.57307746e-03  1.40762739e-02  3.28237261e-03
  7.66774348e-04 -4.82470216e-03  1.07882806e-04 -7.40292529e-03
 -2.66443356e-03  3.86192300e-03  5.45699475e-03  8.86864262e-04
 -8.81393906e-03 -3.35021265e-04  1.42850413e-03 -2.67248275e-03
  2.91787507e-03  5.89821767e-03  2.58698408e-03 -2.32007937e-04
  1.18940650e-03 -3.42936162e-03  2.83746817e-03  1.22846314e-03
 -1.31734787e-03 -8.27979879e-04 -2.30816938e-03  1.50848168e-03
  2.81696448e-05 -2.87810550e-03 -2.88500590e-03 -6.97574578e-03
  1.25417917e-03 -4.34485916e-03 -2.86152866e-03  6.18606620e-03
  1.21613673e-03  1.48058425e-05  3.74845439e-03 -3.86880501e-03
 -5.72586106e-03 -2.85248528e-03 -3.96487117e-03 -1.38750840e-02]
Layer: dense_1
Weights: [[ 0.0185016  -0.03353126 -0.02594039 ... -0.00650429  0.03878502
  -0.0582519 ]
 [-0.16902304 -0.1510032  -0.0105174  ...  0.00465354  0.0123475
   0.17333052]
 [-0.10793477  0.12566176  0.03997626 ...  0.00082456  0.14664522
   0.08766874]
 ...
 [-0.06837606  0.16089134 -0.02785747 ... -0.07971409  0.1518466
  -0.00670256]
 [-0.07954508  0.05317793 -0.11897594 ... -0.05369602  0.07830596
   0.01375478]
 [-0.04932929  0.1676035  -0.12484697 ...  0.17598756  0.15831135
   0.17300771]]
Biases: [-2.4527528e-03 -9.5813600e-03  1.9379008e-03 -1.8427536e-02
  1.5128464e-02  3.4965626e-05  3.2601648e-03  9.5717926e-03
  1.5630671e-04 -1.1562490e-03  3.0743238e-03  8.2822721e-03
  2.6415084e-03  1.0661583e-03 -1.9718106e-04 -6.0425503e-03
 -1.1605624e-04 -1.5567831e-02  3.7111606e-02 -5.9353821e-03
  1.4056402e-05  8.1164372e-04 -6.4345445e-03  8.1618759e-04
  4.7105821e-03 -4.6280534e-03 -2.0503448e-03 -2.9098988e-03
 -5.3353487e-03  1.5200389e-03  7.2921153e-05  1.5319647e-04
  2.0378141e-03  6.3698686e-04 -2.5717157e-03  4.2103021e-03
 -2.1570500e-03 -4.8732189e-03 -5.3019630e-04 -1.4539957e-02
  1.7235465e-02  6.5104011e-03 -1.9227872e-03 -1.1924506e-02
 -2.7798063e-03  9.8416992e-03  6.7439035e-04  1.1973960e-03
  4.1002943e-03  7.5343749e-03 -2.4857773e-03  3.6217561e-03
 -1.7950255e-02 -2.2241008e-02 -6.6549727e-03  1.7336858e-03
  2.9503393e-03 -1.7940215e-03 -3.4233765e-04  8.0148382e-03
 -6.3969330e-03  1.0401349e-03  7.0564775e-03 -1.1287593e-02]
Layer: dense_2
Weights: [[ 0.02763748 -0.06393186 -0.10359147  0.03537969]
 [-0.16589482  0.15466018  0.12903748 -0.18564674]
 [-0.12612724 -0.23342738  0.18878123 -0.19525635]
 [-0.22879219  0.25690567  0.23202017  0.05593751]
 [ 0.22093521 -0.10707134  0.22353593  0.26391414]
 [-0.23098405  0.25120994  0.1049564   0.13045838]
 [ 0.02860087  0.15081292 -0.20062423 -0.01021144]
 [ 0.0013363  -0.29751253  0.20273972  0.25835884]
 [ 0.11172313 -0.17243098  0.0366983  -0.22156936]
 [-0.28981042  0.25583723  0.1707266   0.24612777]
 [ 0.20538172 -0.0841446  -0.04315997 -0.10916643]
 [-0.18956728 -0.24092232 -0.05548695  0.16570362]
 [ 0.16081482 -0.0503578   0.15150087  0.04670007]
 [-0.20342426 -0.20840986 -0.19642931  0.15983397]
 [ 0.04909879  0.26668933  0.09295558  0.14432126]
 [-0.07337415  0.1924216   0.16737299  0.13183415]
 [-0.06994063 -0.18392453  0.20388986  0.08390036]
 [-0.0532323   0.24154237  0.1910303  -0.00736152]
 [ 0.15315375 -0.19920246 -0.27812448  0.18963176]
 [-0.10030265  0.2243884   0.08188017  0.16272107]
 [ 0.04962473  0.00742047  0.24148235 -0.25261596]
 [ 0.29098257 -0.06154523  0.21729384  0.17199454]
 [-0.03579732  0.11133751  0.19198899 -0.03545905]
 [-0.04085111 -0.21885173  0.10477512 -0.01121966]
 [-0.21662423 -0.03469472 -0.25931376  0.2873206 ]
 [ 0.16421169 -0.03921288 -0.11129811 -0.11023087]
 [-0.05115496  0.2828522   0.2714754   0.01409495]
 [-0.19291893  0.15539739 -0.18357827 -0.0014697 ]
 [ 0.28123468 -0.02084495  0.17972508 -0.13395406]
 [ 0.24815954  0.08777054 -0.08082202 -0.19458602]
 [-0.2617594   0.02815095  0.24850191  0.23866375]
 [-0.12926091 -0.20443918 -0.05868465  0.19292492]
 [-0.19805339 -0.18883798 -0.09093706 -0.04849319]
 [ 0.13422292  0.22332583  0.10448874  0.11430614]
 [-0.2612475  -0.08250619  0.0640147   0.07241512]
 [ 0.1866584   0.01520081 -0.02336649 -0.11409561]
 [ 0.02792032  0.03118501  0.08210883 -0.22439793]
 [ 0.24632688 -0.13329718  0.05694288  0.13937984]
 [-0.07086031  0.19236192 -0.04096637 -0.00351964]
 [ 0.15443708  0.19367383  0.22999805  0.10277256]
 [ 0.13092794 -0.19291909 -0.04939102  0.0904284 ]
 [ 0.11359227 -0.04951145 -0.14193504 -0.04215766]
 [-0.14931792  0.04058824 -0.04086501  0.27607295]
 [-0.26150754  0.05485455  0.17806762 -0.250867  ]
 [ 0.2580254   0.24550438  0.29133016 -0.10893347]
 [ 0.19999707 -0.2938801  -0.25829178  0.01559135]
 [-0.10994229  0.2013974  -0.20405637  0.00615012]
 [ 0.24969296 -0.14618614 -0.0184407  -0.30642283]
 [-0.0557708  -0.04043196 -0.26420462 -0.1590164 ]
 [ 0.22789617  0.1587897  -0.01221943  0.10946001]
 [-0.1822686   0.12295951  0.09090378  0.24930328]
 [-0.16550699  0.02198481 -0.14697944  0.10700463]
 [ 0.16554825 -0.08724532  0.26229608 -0.27634054]
 [-0.28653368  0.11751851  0.23617746 -0.27212608]
 [ 0.1532642  -0.18734889 -0.12255898  0.18726164]
 [ 0.17519362 -0.09826803  0.09352851  0.0510929 ]
 [-0.06115801  0.18662356  0.04743398 -0.23561428]
 [-0.09605131 -0.18249987  0.2150273   0.15414406]
 [ 0.12838738 -0.15504146  0.20179242  0.09420393]
 [-0.28053877 -0.14702407  0.2692412   0.13044275]
 [ 0.06087004  0.1299547   0.04438525 -0.0924067 ]
 [-0.00959275 -0.11831326  0.15899518  0.10912173]
 [ 0.16872244  0.20818062 -0.07093836  0.26285017]
 [ 0.24510081  0.2760679   0.16108324 -0.06704296]]
Biases: [ 0.03222913 -0.0320538  -0.035997    0.03192034]
Layer: dense_3
Weights: [[ 0.8400567]
 [-0.8869614]
 [-0.8662217]
 [ 0.6739599]]
Biases: [0.04409701]
