-16.35320594799247
-14.006553334265206
-13.16338038074917
-12.37379392090184
-11.047060223828405
-9.524006606385141
-7.49322148678225
-5.058466158662151
-2.7542330374056223
-1.1449601950438737
-0.2575243229422525
-0.110367566975203
7.460698725481052e-14
7.460698725481052e-14
7.460698725481052e-14
7.460698725481052e-14
7.460698725481052e-14
7.460698725481052e-14
7.460698725481052e-14
7.460698725481052e-14
7.460698725481052e-14
7.460698725481052e-14
7.460698725481052e-14
7.460698725481052e-14
7.460698725481052e-14
7.460698725481052e-14
7.460698725481052e-14
7.460698725481052e-14
7.460698725481052e-14
7.460698725481052e-14
7.460698725481052e-14
7.460698725481052e-14
7.460698725481052e-14
7.460698725481052e-14
7.460698725481052e-14
7.460698725481052e-14
7.460698725481052e-14
7.460698725481052e-14
7.460698725481052e-14
