-48.56712292201229
-22.914266999669778
-15.76934925264444
-13.179143443827568
-10.88487295739825
-9.706263564728928
-8.98160117771219
-8.587400967793284
-7.951126648008136
-8.129364252193128
-7.972863038309402
-7.878809537951086
-7.4543630870156825
-7.39764066695626
-7.252676112483311
-7.2505576578571205
-7.132024256755097
-7.394358921680569
-7.032876174650836
-6.883678881554614
-6.713174148670048
-7.185059612344928
-6.842161382711381
-6.6795423035490815
-6.776600555852111
-6.70715056799151
-6.5362641861933435
-6.347145034069173
-6.548342265487316
-6.2968319936681665
-6.397408467651454
-6.170883955809614
-6.439545841350239
-6.511135811949652
-6.081770930482842
-6.141198531049675
-6.065440275290141
-5.772325660448158
-6.055631101025267
-5.618406481266786
-5.570795179921686
-5.404119752652844
-5.315105381327665
-5.323035788091705
-5.047130973817917
-5.35039961043085
-4.87964092133277
-5.087025451573769
-4.811512512488012
-4.6404797335305235
-4.6770681324150924
-4.068538316981625
-3.755091179396033
-3.512358993547518
-3.401306480970652
-2.883203698096275
-3.00096215048632
-2.5017822682746775
-2.19989434918511
-1.9615870812684448
-1.8331614913809022
-1.595836340491553
-1.1413397459474455
-0.7360031087494309
-0.3437433586743806
-0.13263042740621375
-0.44253933638750864
-0.24145522226539698
0.001744304932361862
0.07726146494311453
0.04171921003328495
0.24384383287556438
0.24384383287556438
0.4148723598959548
0.4148723598959548
0.5548047910944561
0.5548047910944561
0.5548047910944561
0.5548047910944561
0.5548047910944561
0.5548047910944561
0.5548047910944561
0.5548047910944561
0.5548047910944561
0.5548047910944561
0.5548047910944561
0.5548047910944561
0.5548047910944561
0.5548047910944561
0.5548047910944561
0.5548047910944561
0.5548047910944561
0.5548047910944561
0.5548047910944561
0.5548047910944561
0.5548047910944561
0.5548047910944561
0.5548047910944561
0.5548047910944561
0.5548047910944561
0.5548047910944561
0.5548047910944561
0.5548047910944561
0.5548047910944561
0.5548047910944561
0.5548047910944561
0.5548047910944561
0.5548047910944561
0.5548047910944561
0.5548047910944561
0.5548047910944561
0.5548047910944561
0.5548047910944561
0.5548047910944561
0.5548047910944561
0.5548047910944561
0.5548047910944561
0.5548047910944561
0.5548047910944561
0.5548047910944561
0.5548047910944561
0.5548047910944561
0.5548047910944561
0.5548047910944561
0.5548047910944561
