-41.38718533456751
-20.6455393898558
-13.565092451566331
-11.251941168792374
-8.915803981753518
-7.683525309072904
-6.980929321441037
-6.762318221115503
-6.325063364787904
-6.027859966198252
-5.842623426474347
-5.639866224558012
-5.419160444792447
-5.275084826755326
-5.187173607508807
-5.166020020659438
-5.051749853747538
-5.0165132791643074
-4.8668498915331275
-4.8283126228406825
-4.753471776101517
-4.771747824746986
-4.69391941400411
-4.709803771603483
-4.633979876866042
-4.638850237402048
-4.527646489037753
-4.4495948507109935
-4.571398429646235
-4.4409963811259345
-4.399697529700326
-4.371713535386873
-4.343679487212737
-4.331912539343335
-4.230996159869697
-4.272523462403599
-4.111400846512258
-4.044238174662859
-4.068276372638135
-3.9357269719555092
-3.9100959323413274
-3.800296606870618
-3.760017996442907
-3.712979024721742
-3.6236966871177545
-3.5855921834562006
-3.529231319618664
-3.514151138835916
-3.2541548654869925
-3.1282363665968123
-2.8947280294304725
-2.504409186406432
-2.4315045400505295
-2.250577012912637
-1.9664793287988882
-1.7391721082339195
-1.475659239105392
-1.0906856887331393
-0.8769795090789354
-0.875475153571724
-0.5076451494867568
-0.5162021208758488
0.11751594359913976
0.554804791094456
0.34469603554115097
0.554804791094456
0.554804791094456
0.554804791094456
0.554804791094456
0.554804791094456
0.554804791094456
0.554804791094456
0.554804791094456
0.554804791094456
0.554804791094456
0.554804791094456
0.554804791094456
0.554804791094456
0.554804791094456
0.554804791094456
0.554804791094456
0.554804791094456
0.554804791094456
0.554804791094456
0.554804791094456
0.554804791094456
0.554804791094456
0.554804791094456
0.554804791094456
0.554804791094456
0.554804791094456
0.554804791094456
0.554804791094456
0.554804791094456
0.554804791094456
0.554804791094456
0.554804791094456
0.554804791094456
0.554804791094456
0.554804791094456
0.554804791094456
0.554804791094456
0.554804791094456
0.554804791094456
0.554804791094456
0.554804791094456
0.554804791094456
0.554804791094456
0.554804791094456
0.554804791094456
0.554804791094456
0.554804791094456
0.554804791094456
0.554804791094456
0.554804791094456
0.554804791094456
0.554804791094456
0.554804791094456
0.554804791094456
0.554804791094456
0.554804791094456
0.554804791094456
0.554804791094456
0.554804791094456
0.554804791094456
