Layer: dense
Weights: [[ 0.02212398 -0.10888904  0.13433285 ... -0.07895303  0.04397474
  -0.01079482]
 [ 0.11912987 -0.03807127  0.11426838 ... -0.02212652  0.10712038
  -0.12977408]
 [-0.02238594  0.00870326  0.04333786 ... -0.02713555 -0.01828648
   0.10918748]
 ...
 [ 0.16600409 -0.09148536  0.05603442 ...  0.07187719  0.00365891
  -0.00269204]
 [-0.07341611 -0.10285825  0.08091836 ...  0.11099331 -0.14640717
   0.0678435 ]
 [-0.1386703   0.10449691 -0.06615452 ...  0.07693083 -0.08708607
   0.04499345]]
Biases: [-1.38774421e-02  1.53618101e-02  2.16545444e-02  3.23933102e-02
 -2.91308388e-03  2.48020478e-02 -9.62645561e-03  1.19683100e-02
 -1.97304133e-03  2.93028308e-04  1.03368545e-02  3.48404534e-02
  4.93212277e-03  2.36193072e-02 -2.04198696e-02 -9.13947169e-03
 -1.11558363e-02  2.19189767e-02  4.00892869e-02 -2.62001026e-02
 -1.48699069e-02  7.52829239e-02  2.18562805e-03  9.05920635e-04
 -2.50101238e-02 -4.92482097e-04 -3.73516837e-03  3.57269421e-02
  5.13536297e-02 -2.20688973e-02  1.31422430e-02 -1.34172635e-02
 -3.12840496e-03  1.34470081e-02 -6.80501480e-03  7.37711089e-03
 -1.34840060e-03  1.30358227e-02  7.20899925e-03 -1.05662774e-02
  2.07380075e-02 -6.70664757e-03  7.18773454e-02 -1.70992520e-02
 -3.53822514e-04  2.00419538e-02  5.42447902e-03  1.42175844e-02
  4.22464684e-03 -4.32391092e-03  1.38715724e-03  1.64152905e-01
 -2.09012330e-02 -1.26399007e-02 -3.69035779e-03 -1.03869066e-02
 -7.01395562e-03  3.03638205e-02  3.13447751e-02  2.92385486e-03
  1.31310999e-01  1.66933965e-02  5.44071198e-02 -1.44578069e-02
  1.55192269e-02  1.33678215e-02  1.80606227e-02  2.65614279e-02
 -1.29752252e-02  1.49816545e-02 -3.08861565e-02 -7.06696557e-03
  9.47900862e-03  2.39883903e-02 -4.97153029e-02  5.75639009e-02
  1.60674192e-03  4.05459851e-02 -3.14681679e-02 -9.79935139e-05
 -1.88083213e-03 -1.64227486e-02 -4.45900392e-03 -2.68892292e-02
 -2.57820617e-02 -1.37364483e-02 -8.20700265e-03 -5.25297364e-03
 -1.54111162e-02  3.59755103e-03  3.84021341e-03 -3.44316810e-02
 -1.09549230e-02  1.56949423e-02  7.47120101e-03 -2.59431507e-02
  1.93069428e-02 -6.20012507e-02  1.66069027e-02 -8.80190078e-03
 -6.63470924e-02  4.49143797e-02  2.07897201e-02  8.08651443e-04
  3.49009112e-02  3.13992202e-02 -5.24720270e-03  2.52300818e-02
 -1.12029696e-02  2.49707084e-02 -2.66693085e-02 -2.24988814e-03
  3.46974768e-02 -1.00333747e-02  1.19476030e-02  6.01506270e-02
  8.40811338e-03  1.85737498e-02 -5.73265366e-03  8.48541707e-02
  9.79873091e-02  1.84948323e-03  1.63314808e-02 -1.41854994e-02
 -1.44376764e-02 -1.44322461e-03 -6.16362020e-02 -4.78602666e-03]
Layer: dense_1
Weights: [[-0.09203484 -0.05377573 -0.09380428 ...  0.1760232   0.13709408
   0.02424537]
 [ 0.055651   -0.13460505  0.0045282  ... -0.1413753   0.140938
  -0.1736925 ]
 [-0.17684889 -0.10267365  0.06788021 ... -0.12779425 -0.03324007
   0.10723976]
 ...
 [ 0.03678442 -0.10717952 -0.00057406 ...  0.0307682  -0.07396646
  -0.01948998]
 [-0.16701026 -0.14447099 -0.07404309 ...  0.02664015 -0.10243529
   0.14457078]
 [ 0.02859634 -0.08407132  0.02211917 ...  0.02410616  0.09210898
   0.06992888]]
Biases: [-2.1370588e-02 -1.1969885e-02 -5.3120456e-03 -3.4552213e-02
  1.2808912e-03 -7.0036590e-02  4.9038578e-02 -6.8522706e-03
  2.8815658e-03  7.3552527e-02  5.8232486e-02  1.4516371e-02
  3.8483473e-03  8.9408472e-02  7.6867118e-02  2.1199703e-02
  2.3085317e-02 -3.9264794e-02 -6.8846799e-02 -3.8142215e-02
  4.4144101e-02  1.2267586e-01 -2.1374343e-02 -5.2005991e-02
 -2.8451854e-02  4.0058810e-03 -3.4806449e-02 -4.9175367e-02
  1.7601321e-02 -7.8604542e-02 -1.2168253e-02  1.5189165e-02
  8.0433056e-02 -2.3365537e-02  1.5867604e-02  1.9224572e-01
  6.9974344e-03  3.8061466e-02  3.5026003e-02 -7.7854849e-02
 -2.4613056e-03  1.7237689e-02  2.3242673e-02 -5.9988961e-04
 -1.4816659e-02  3.7421290e-02 -5.7392512e-03 -3.6805165e-03
 -5.2159312e-03  7.3132738e-02  7.3574827e-04  1.3948651e-04
  1.5605061e-02  1.3368853e-02  1.3920061e-02 -2.7672625e-03
  9.4885685e-02  4.0666886e-02 -1.8119566e-02 -4.1065449e-03
  1.6195465e-02 -1.3285887e-02  1.5885897e-02  4.9837669e-03]
Layer: dense_2
Weights: [[-0.21089725 -0.23942022 -0.1682095  -0.19143517]
 [-0.19097762 -0.2984195  -0.01736615  0.02030607]
 [-0.27025735  0.20641007 -0.07235561 -0.0908837 ]
 [-0.18510427 -0.04450525 -0.14201677  0.3833711 ]
 [-0.21034727 -0.29522115  0.04677389  0.28831363]
 [-0.23721282  0.20924354 -0.21376704  0.30789426]
 [ 0.06097328 -0.23794459  0.15280312 -0.09001344]
 [ 0.2203697  -0.04930826  0.14500085  0.28182575]
 [-0.1613213   0.13105728 -0.11988718  0.31157923]
 [-0.11989676  0.21538419  0.3111064   0.2721605 ]
 [ 0.17159648  0.18688908  0.22881052 -0.0171716 ]
 [ 0.04691378  0.06018278  0.12452236  0.04267102]
 [ 0.07401413  0.04684357  0.11996277  0.1173283 ]
 [-0.17750207 -0.13600571  0.34765482  0.16389324]
 [ 0.04890796  0.20740399  0.35372204  0.09720653]
 [-0.15705031 -0.04079017 -0.05582723 -0.3559359 ]
 [-0.09896854  0.18233761  0.13491058  0.1921066 ]
 [-0.14986235 -0.15418595 -0.27049342  0.12708263]
 [-0.27855217  0.26845896 -0.17405888  0.11793928]
 [-0.24049291  0.40588546 -0.33755806  0.40728185]
 [ 0.02212623  0.14661214  0.24204649  0.24221523]
 [-0.23493053  0.09191801  0.4187609  -0.30504295]
 [ 0.08059026  0.06496529 -0.19406146  0.21930194]
 [-0.10463933  0.23019601 -0.09482442  0.15622428]
 [-0.00283564  0.02507933 -0.16591927  0.13217099]
 [ 0.02073051 -0.23106751 -0.03654185  0.32215422]
 [ 0.11544144 -0.21348906 -0.18823576  0.09738026]
 [ 0.03579265  0.02566549 -0.3265129   0.37016994]
 [ 0.17134507  0.2993005   0.15847746  0.10464067]
 [-0.13417546  0.16231559 -0.23283063  0.07368813]
 [ 0.19452363  0.1812081  -0.07041223  0.27692026]
 [ 0.13583873 -0.22569582  0.05653103  0.21382453]
 [ 0.04706565 -0.02913916  0.23515248 -0.34254718]
 [-0.21371585  0.04501551 -0.0613062   0.2234607 ]
 [-0.05150682  0.00719358  0.11613989  0.12179717]
 [-0.28716102 -0.29873756  0.4144251  -0.3003115 ]
 [-0.18204208 -0.2770693   0.00873312  0.12179367]
 [ 0.10212371 -0.08567516  0.23592986  0.36799467]
 [-0.01789926  0.19311818  0.18126005  0.01156757]
 [-0.16556649  0.3550101   0.03205284  0.5056257 ]
 [-0.22203073  0.23940353  0.16644646  0.02788882]
 [ 0.27297854  0.18591838  0.18699752 -0.15439211]
 [-0.23855226  0.265054    0.21342714  0.10171458]
 [-0.04783058  0.09771444  0.0738078   0.13092671]
 [ 0.11817151  0.00981586 -0.2691344   0.2640503 ]
 [-0.08444893 -0.26028758  0.25862038  0.21731415]
 [ 0.18827212  0.09748107 -0.09925073 -0.32597202]
 [-0.27024963  0.20662376 -0.07365714 -0.00280228]
 [ 0.11700097  0.0620053  -0.06999055 -0.14418438]
 [-0.09776338 -0.21892363  0.21505792  0.00602043]
 [ 0.06901991  0.12833522  0.0167229  -0.14109921]
 [-0.14497739  0.2512968  -0.16322944 -0.2961071 ]
 [ 0.14806072  0.23295355  0.16935526  0.30610934]
 [ 0.1631567   0.21074186  0.17491984  0.12392199]
 [ 0.06662484 -0.13043107  0.27965257 -0.0583905 ]
 [ 0.25357658  0.04960539  0.01375834  0.08062056]
 [ 0.20816039 -0.2249796   0.31121024 -0.00768069]
 [ 0.03772054  0.17299832  0.3241536   0.21465938]
 [ 0.16355717  0.04540138 -0.17557737  0.18044372]
 [-0.27862716 -0.09151375 -0.22427192  0.10945982]
 [-0.21147454 -0.18264723 -0.2018777   0.31706342]
 [ 0.09898558  0.33663425 -0.31075385 -0.18891393]
 [-0.27494028 -0.15507357  0.05947408  0.1462863 ]
 [-0.06868104 -0.08070338 -0.27660313 -0.06469146]]
Biases: [-2.8884800e-05 -9.3313940e-02  3.9164028e-01 -1.2249368e-01]
Layer: dense_3
Weights: [[ 0.87403584]
 [-0.89053583]
 [ 1.0542018 ]
 [-1.4606462 ]]
Biases: [0.52750534]
