-110263.0
-116525.0
-120913.0
-124317.0
-125885.0
-126497.0
-127025.0
-127445.0
-129388.0
-129602.0
-131617.0
-131649.0
-131921.0
-133067.0
-133180.0
-133195.0
-133195.0
-133361.0
-133782.0
-134001.0
-134566.0
-135805.0
-136269.0
-136702.0
-136831.0
-137718.0
-137976.0
-138060.0
-138062.0
-138205.0
-138551.0
-139492.0
-139688.0
-140099.0
-140233.0
-141843.0
-142015.0
-142595.0
-142755.0
-142794.0
-142820.0
-142985.0
-143752.0
-143806.0
-144055.0
-144058.0
-144071.0
-144237.0
-144415.0
-144432.0
-144598.0
-145122.0
-145558.0
-145558.0
-145726.0
-145726.0
-145815.0
-146114.0
-146191.0
-146332.0
-146333.0
-146450.0
-146535.0
-146645.0
