Layer: dense
Weights: [[-0.14413266  0.13858809  0.01171795 ...  0.00359349  0.1178727
   0.02247784]
 [-0.10820211 -0.11205529  0.13180941 ... -0.06291711 -0.00654614
  -0.05409291]
 [ 0.08310811  0.01920064 -0.00448479 ... -0.0033866  -0.0034036
  -0.02271173]
 ...
 [ 0.02251391 -0.14331593  0.02800743 ...  0.15181708  0.10852613
   0.06346416]
 [-0.1359723  -0.1462018   0.0654006  ...  0.04565648 -0.04582725
   0.11475553]
 [ 0.05207911  0.16466492 -0.12106474 ...  0.07810996 -0.01613195
  -0.01367642]]
Biases: [-1.24968458e-02 -3.56140872e-03 -7.23687047e-03  2.04475582e-01
 -1.27077550e-02 -3.24839237e-03  1.04598492e-01  3.86572108e-02
  3.95571813e-02  1.01991564e-01 -5.40740264e-04 -8.72787461e-03
 -2.03115679e-02 -6.81453804e-03 -1.87284388e-02 -1.76175460e-02
  1.43544748e-01 -1.04703184e-03  7.31712878e-02  5.73526658e-02
  7.45569393e-02  5.55317737e-02 -8.25215523e-08  1.45275518e-02
  1.21076102e-03 -9.93132778e-03 -8.40870605e-04  6.03599101e-02
 -2.19506025e-03 -2.24438473e-03  1.10456467e-01  1.46657929e-01
  5.81647158e-02  4.68600914e-02 -1.23449760e-02 -2.30244837e-08
 -5.66034578e-03  2.61429697e-01  1.52969897e-01 -4.88615409e-03
  3.79015468e-02  7.48758316e-02 -9.83756594e-03  8.95968825e-02
  3.95052740e-03  7.98524637e-03  4.95498488e-03  1.43138558e-01
 -6.88412553e-03  7.90063143e-02  2.35562891e-01  6.17338791e-02
 -1.64256059e-02 -7.07829883e-03 -5.44860912e-03  3.60039413e-01
  9.11753811e-03  1.38266953e-02  2.26874307e-01 -9.65872593e-03
  8.79117101e-02  1.01109045e-02  2.50946850e-01  3.22072208e-02
  7.75521919e-02  1.05272129e-01  1.03745043e-01 -2.86184484e-04
  2.56197453e-02 -4.07576282e-03  7.91044086e-02 -1.52298538e-02
 -1.68945058e-03 -5.46167232e-03 -9.47379449e-04 -2.71983724e-03
 -1.43043185e-02  1.99510470e-01 -1.28118526e-02 -4.07200726e-03
  1.39460579e-01  1.27272800e-01  3.31256874e-02  2.96452306e-02
 -5.74691361e-03  1.75524101e-01  1.17650256e-01  1.08998783e-01
 -9.06589814e-03  2.92058568e-02  1.07032207e-07 -8.67803038e-08
  1.68220520e-01 -2.42905808e-03  7.96299800e-02  5.33381626e-02
 -1.53288282e-02  1.88497886e-01  1.33738875e-01 -6.96780300e-03
  9.96899046e-03 -2.02206778e-03  9.77135226e-02 -1.14592388e-02
 -9.34169002e-05  2.31380254e-01  7.35121071e-02 -1.31856790e-02
  2.85281036e-02  1.80544287e-01  1.83218896e-01  1.47980407e-01
  1.20753787e-01  1.63605958e-02 -6.03951840e-03  4.76540253e-03
 -1.69743318e-04 -1.02561200e-02  8.61896649e-02  3.05831674e-02
 -1.01889074e-02 -5.46709076e-03  1.41026378e-01  7.49604702e-02
  4.46184501e-02  7.13062882e-02  2.10956961e-01  8.69523957e-02]
Layer: dense_1
Weights: [[-0.13896656 -0.07083985 -0.08444589 ...  0.02826364 -0.04968243
  -0.14546421]
 [ 0.1238859  -0.13399123  0.05156713 ... -0.00373883  0.02197556
   0.1142832 ]
 [ 0.07197084 -0.08435939  0.02759874 ... -0.11285973  0.13141201
   0.04043462]
 ...
 [-0.06394032 -0.06943176  0.16221268 ...  0.04615704  0.16156025
  -0.14396289]
 [-0.00560348 -0.01285327 -0.07510835 ... -0.1522279   0.03860203
  -0.09823574]
 [ 0.00796613  0.08351857 -0.02513993 ... -0.15977286  0.03806568
  -0.05943677]]
Biases: [ 6.50469288e-02  2.64835847e-03 -3.48460977e-04  8.81736167e-03
 -3.56751755e-02  3.18897376e-03 -1.32471649e-03 -1.16296764e-02
  6.90701678e-02 -3.10333003e-03  1.29410684e-01  6.65595829e-02
  8.27213080e-05  6.15403131e-02 -6.69766078e-03  2.45399475e-01
 -1.28857363e-02  1.43367052e-01  1.25607997e-01 -1.58262197e-02
  1.51292637e-01 -4.61409278e-02  1.53456315e-01 -9.13694501e-03
  3.38147759e-01  1.98463351e-01  8.38588632e-04  4.88501899e-02
  1.59041453e-02  2.42597684e-01  3.27165574e-02 -3.11213247e-02
  1.69730633e-01  8.62657949e-02  1.14161074e-01 -1.62085947e-02
  1.23318344e-01  1.63067468e-02  1.74452081e-01  2.24513695e-01
 -2.98334565e-02  3.29444021e-01 -1.26616815e-02 -3.03840963e-04
  3.14706743e-01  6.79674558e-03 -1.95284355e-02  2.23782167e-01
  2.94370294e-01  6.68803751e-02 -1.76315778e-03 -2.33469810e-03
  3.82942520e-03 -4.74299490e-03 -3.52007966e-03  2.13227838e-01
 -1.74523052e-02 -2.02576108e-02 -7.66492076e-03  2.16133744e-01
 -2.39047152e-03 -1.11378275e-03  5.05425297e-02  6.38814308e-05]
Layer: dense_2
Weights: [[ 0.17656468  0.01738913 -0.05046019 -0.261082  ]
 [-0.00683572  0.23722252  0.2960752  -0.11290452]
 [-0.03047638 -0.06403169  0.03239736 -0.1996188 ]
 [ 0.2837064   0.16109598  0.26692244 -0.20453018]
 [-0.19736798 -0.12887876 -0.19419277 -0.02873768]
 [ 0.26211986 -0.21890086 -0.03522688  0.29234248]
 [-0.18798052  0.02315268  0.2729363   0.08452084]
 [-0.10645425 -0.26387888 -0.18921995  0.00671425]
 [ 0.1645436  -0.04998017 -0.26215163  0.15080917]
 [-0.21938783 -0.2148714  -0.21365555 -0.25629732]
 [ 0.2705731  -0.03973494  0.233622   -0.03321344]
 [ 0.21560007 -0.21510758 -0.04605419 -0.26282093]
 [-0.00756505  0.01274751 -0.00330054 -0.16317697]
 [ 0.130741    0.00251176  0.13342956  0.01097271]
 [-0.10671333 -0.23814093 -0.02657113 -0.125768  ]
 [ 0.43811437  0.09173162  0.16522971 -0.23759696]
 [-0.06845955 -0.11078897 -0.06470745  0.12817976]
 [ 0.29916477 -0.04981242 -0.26197657 -0.16572553]
 [ 0.22407208  0.05016816 -0.158761   -0.2719252 ]
 [-0.27088174  0.19061205 -0.08807653 -0.0196085 ]
 [ 0.33220747 -0.19332781 -0.25860155  0.07677703]
 [ 0.00194323 -0.155974    0.02617045  0.19886404]
 [ 0.2865543  -0.03893203  0.282779    0.01535741]
 [-0.2885439  -0.05061501 -0.22582304  0.02589102]
 [ 0.5628877   0.37542608 -0.27632377 -0.03943742]
 [ 0.3526056   0.06526674  0.11246587  0.09232581]
 [ 0.14314586 -0.16866717  0.26930282  0.27460283]
 [ 0.1853176  -0.25212398 -0.16289836  0.1183771 ]
 [ 0.14298515  0.06606706  0.27331248 -0.23805495]
 [ 0.44786114  0.04888691 -0.11701296 -0.12406091]
 [ 0.06778137  0.16068494 -0.06307963  0.0640955 ]
 [-0.20303504  0.17198083  0.22903351 -0.03750941]
 [ 0.35650152 -0.06654328 -0.26050377  0.2674699 ]
 [ 0.20820425 -0.18802279 -0.14183412 -0.04743221]
 [ 0.14136085  0.24098377 -0.00659085 -0.19260603]
 [-0.2550113  -0.14026304  0.27196836 -0.28110483]
 [ 0.17310607  0.20181982 -0.22173664  0.12804374]
 [ 0.02952654  0.15662436  0.10206602  0.23168065]
 [ 0.24319692  0.367256   -0.09159477 -0.12506157]
 [ 0.32131287  0.31380135 -0.09665471  0.10274992]
 [-0.23967962 -0.04508683 -0.13892987  0.08222592]
 [ 0.5486277   0.2880771  -0.14432652  0.21350405]
 [-0.16247971  0.04976036  0.12280942 -0.29461542]
 [-0.12621148  0.21611486 -0.13505124  0.27695176]
 [ 0.47000137  0.3425213  -0.08295386  0.04386976]
 [ 0.1310539   0.13653547  0.19974929 -0.2479637 ]
 [-0.14779647  0.02977956  0.12162183  0.2780987 ]
 [ 0.3982753   0.12799057 -0.09776814  0.03334286]
 [ 0.4500462   0.3973272   0.17755172 -0.01360705]
 [ 0.15889943  0.00371292 -0.09404478 -0.19651136]
 [-0.1442844   0.28501952  0.09797757 -0.16090386]
 [-0.06249955  0.0922022   0.03017688 -0.12832673]
 [ 0.11346213 -0.20881034  0.20670412  0.18869206]
 [-0.14587983  0.05003246 -0.25361037 -0.23897286]
 [-0.25163552  0.03866251  0.02478557  0.05526321]
 [ 0.35410142  0.27636036  0.21897587  0.08191981]
 [-0.19988532  0.01951325  0.2609184   0.20294791]
 [-0.17576396 -0.16744182  0.04494984  0.04842533]
 [-0.03569387 -0.27349737 -0.18068954 -0.2514164 ]
 [ 0.3267455   0.31134376  0.16383886  0.19161372]
 [-0.13236125 -0.23303077  0.1981797  -0.1715664 ]
 [-0.18999365  0.14952509 -0.25104746  0.2816537 ]
 [ 0.17791186 -0.12812454  0.03431809 -0.11360978]
 [ 0.08600293 -0.08080249  0.12714228 -0.1428836 ]]
Biases: [ 0.7995034   0.27543417 -0.00487553 -0.02417465]
Layer: dense_3
Weights: [[ 1.21683300e+00  1.19704127e+00  1.77279830e-01  9.58327204e-02
   2.30036378e-01  3.06910966e-02 -1.85378999e-01  5.08093536e-02
   1.86031103e-01 -1.01440050e-01 -6.41695410e-02 -6.59173429e-02
   8.28782842e-02 -2.26359233e-01  1.01749048e-01  2.20468357e-01
   1.83707029e-01  2.09065408e-01 -1.24095768e-01  7.82250986e-02
   1.42802224e-01  1.70035884e-01 -7.55462572e-02 -2.29184151e-01
  -2.68580616e-01 -1.87107131e-01 -4.39984538e-02  9.20037702e-02
   1.69730902e-01 -4.79326509e-02 -1.79455742e-01  7.16023594e-02
  -1.44222066e-01 -1.94344684e-01 -2.93453913e-02  1.46725163e-01
  -9.22377557e-02 -1.62380874e-01  2.00728148e-01  5.28724566e-02
   1.82323322e-01  1.20204397e-01 -2.84178346e-01 -1.64975777e-01
  -2.47191742e-01 -1.58426613e-01 -7.72250146e-02 -2.62309581e-01
   1.07631758e-01 -1.14609748e-01 -7.22590536e-02  2.17836052e-01
  -2.81786802e-03 -2.66700417e-01 -2.48793125e-01 -4.09691632e-02
   2.24884972e-02  1.66846156e-01 -1.50783390e-01  1.48964912e-01
  -2.63822764e-01  3.14740464e-02 -2.56041080e-01 -2.13110790e-01
  -9.38945934e-02 -2.55821235e-02  2.05843434e-01 -1.01825714e-01
  -1.90402269e-01  9.67960879e-02  1.92869946e-01 -7.10584875e-03
  -2.27720588e-01 -2.31623024e-01 -1.40603915e-01 -2.64978886e-01
   8.53177607e-02 -2.73188710e-01]
 [ 4.72395837e-01  5.83020687e-01  1.90362632e-01 -1.27516448e-01
  -2.07089901e-01  1.49983212e-01  1.59573942e-01 -1.00881770e-01
   1.86167285e-01 -1.06567793e-01  7.01487362e-02 -3.38978134e-02
   2.25371271e-01 -1.74306259e-01 -1.39925303e-02 -2.14042574e-01
  -1.93365626e-02 -1.49960220e-01  1.61355585e-01 -1.70607660e-02
  -2.10982904e-01  3.19830514e-02  6.91703036e-02  1.57879338e-01
  -5.87672666e-02  2.22472847e-01  5.07027693e-02 -1.09605819e-01
  -5.76958572e-03 -1.09868757e-01 -8.63883793e-02  5.23634925e-02
  -2.75689274e-01 -9.48613659e-02 -2.06845418e-01  1.46367028e-01
  -4.83123325e-02 -1.88440263e-01  5.01116812e-02  2.43274234e-02
   8.45196918e-02  1.36927485e-01 -9.66604427e-02 -2.57044256e-01
   9.59866270e-02  1.47975728e-01 -2.08233320e-03 -1.30649567e-01
   9.37197283e-02  7.19912276e-02  1.45255730e-01 -9.34164077e-02
  -2.62823611e-01 -3.41749378e-02 -6.60138950e-02  1.53107077e-01
   2.36256257e-01 -5.38570546e-02  2.46140674e-01  1.48052201e-01
  -1.76435202e-01  1.20250203e-01 -2.71545142e-01 -5.42608425e-02
  -2.58556336e-01 -1.62091509e-01  1.80050626e-01 -6.09188601e-02
  -2.40591273e-01  4.26647700e-02 -2.75908969e-03  2.67823376e-02
  -1.73296034e-01 -5.64141050e-02  2.56065726e-01  1.54717416e-01
   2.77144648e-02 -1.28945231e-01]
 [-1.11261897e-01  7.92975798e-02  1.25066608e-01  1.93915576e-01
  -5.35947978e-02  2.39968985e-01  4.17848444e-03 -1.37447134e-01
  -1.12676732e-01 -2.59237140e-01 -6.66917190e-02 -5.84039241e-02
   9.96017829e-02 -1.88228637e-01 -1.57065600e-01  1.15019433e-01
  -4.99767484e-03 -1.65420204e-01  2.33717427e-01 -2.29805499e-01
   1.68256909e-01  1.80383891e-01  1.05329677e-01 -1.41017824e-01
   2.56214589e-01  1.93999842e-01  1.40276089e-01 -2.47799233e-01
   1.00598931e-01  5.41561916e-02  2.46051058e-01  2.51145542e-01
   2.61108458e-01 -1.14560850e-01  2.00380564e-01  8.38555098e-02
   2.32147947e-01  4.82779332e-02  2.06996962e-01  1.50820866e-01
  -4.29181382e-03  9.05042291e-02 -1.23857550e-01 -1.30872890e-01
   2.59957463e-01 -2.22638175e-01 -5.94587401e-02 -1.95299774e-01
   1.94287270e-01  1.20652124e-01  1.71752095e-01  1.58543840e-01
   2.10079297e-01  1.90411061e-02 -2.01341715e-02  1.22780152e-01
  -2.93313861e-02 -1.84523966e-02 -1.02630593e-02  1.09874234e-01
   5.87541126e-02 -2.19339997e-01  1.40290812e-01  1.55551046e-01
   3.73793207e-02 -2.37080336e-01 -1.31386220e-01 -3.14569008e-03
  -9.27269831e-03 -5.73540591e-02  2.55455554e-01  4.69206385e-02
  -2.57578969e-01  4.64383475e-02 -7.38154352e-02  9.15854871e-02
  -1.91843465e-01 -2.44213685e-01]
 [-2.35307310e-02 -1.29584610e-01  2.41061553e-01 -1.82780251e-01
  -2.10423857e-01 -1.93084583e-01  1.45571023e-01 -1.26170665e-01
   9.16019306e-02 -1.60971180e-01 -2.21428633e-01  1.88701704e-01
   2.24662155e-01 -1.54186711e-01 -1.33239940e-01  6.01888299e-02
  -2.52747715e-01 -3.63605991e-02 -3.67486998e-02 -1.28961876e-01
  -2.43236393e-01  4.11197692e-02  4.30191197e-02 -6.17760047e-02
   1.51968533e-02  2.54865527e-01  8.50338191e-02  8.19244608e-02
   1.75317302e-01 -7.83554912e-02 -2.15636879e-01  2.31614962e-01
  -2.03451663e-01 -1.30205184e-01  2.51361340e-01  1.84715331e-01
  -2.65123308e-01 -6.76496848e-02  1.14069581e-01 -8.29977691e-02
   8.83889664e-03 -3.00263539e-02 -8.28920826e-02  2.11267978e-01
  -5.59318550e-02 -2.29381447e-04 -2.06841186e-01  2.31003702e-01
  -1.01364940e-01 -2.62139052e-01 -2.65313148e-01  3.94965187e-02
  -2.25875098e-02 -2.04738274e-01 -9.53864232e-02  2.53986686e-01
  -5.57229035e-02 -9.82053354e-02  1.25650913e-01  8.19336027e-02
   1.75691962e-01  6.88254684e-02 -2.13872820e-01 -1.61270976e-01
   6.54716715e-02 -1.12677939e-01 -6.08352423e-02 -1.97946742e-01
   1.19184225e-03  1.03973053e-01  2.69443125e-01 -1.08306721e-01
   5.11619225e-02 -7.52115026e-02  1.04127370e-01 -6.51930645e-02
   5.35506420e-02 -1.35833472e-01]]
Biases: [ 1.6080897   0.9375246  -0.04495953 -0.0346713  -0.03826043 -0.03682473
 -0.03054521 -0.03362476 -0.04532322 -0.02964321 -0.03252618 -0.03132041
 -0.04065509 -0.02669905 -0.03666691 -0.03781483 -0.0399805  -0.03850476
 -0.03208146 -0.03575763 -0.03495944 -0.04053415 -0.03226529 -0.02948997
 -0.02690844 -0.03123369 -0.03292036 -0.03484228 -0.03973832 -0.03087439
 -0.02825415 -0.03678556 -0.02734911 -0.02789515 -0.03035333 -0.04203533
 -0.030457   -0.02773089 -0.04254891 -0.0355654  -0.04236203 -0.04042558
 -0.02633061 -0.02717684 -0.02856474 -0.03102671 -0.03132045 -0.02648406
 -0.0389329  -0.03122859 -0.03328134 -0.04008101 -0.03033274 -0.02708152
 -0.02716188 -0.03446744 -0.03808752 -0.03856491 -0.0324247  -0.04216832
 -0.02613481 -0.03637499 -0.02554968 -0.0278954  -0.02844957 -0.0308229
 -0.04638144 -0.03010129 -0.02684049 -0.03753953 -0.04093925 -0.03364034
 -0.026712   -0.02754765 -0.03282644 -0.02872491 -0.036806   -0.02625998]
