-16.939397007958643
-14.181064440066002
-13.486705350894674
-13.020633893562009
-12.45755701859752
-12.217181831506686
-11.999171599418268
-11.88043340951721
-11.671899749606172
-11.476038201078794
-11.273183152733019
-10.997524697292983
-10.791844703803445
-10.433446921743018
-10.269777006306251
-9.902280482366555
-9.512986180420073
-9.110232833491956
-8.620056113933776
-8.020594181735097
-7.420999952987266
-6.813766312623464
-6.0878085035280405
-5.407657639632735
-4.672123606148199
-4.135453659718063
-3.600162093250305
-3.1351886227297463
-2.472331130959715
-1.9886391387591928
-1.5577342097227245
-1.2335440881877338
-0.7817702660748668
-0.5794297266201461
-0.3494972954216384
7.460698725481052e-14
7.460698725481052e-14
7.460698725481052e-14
7.460698725481052e-14
7.460698725481052e-14
7.460698725481052e-14
7.460698725481052e-14
7.460698725481052e-14
7.460698725481052e-14
7.460698725481052e-14
7.460698725481052e-14
7.460698725481052e-14
7.460698725481052e-14
7.460698725481052e-14
7.460698725481052e-14
7.460698725481052e-14
7.460698725481052e-14
7.460698725481052e-14
7.460698725481052e-14
7.460698725481052e-14
7.460698725481052e-14
7.460698725481052e-14
7.460698725481052e-14
7.460698725481052e-14
7.460698725481052e-14
7.460698725481052e-14
7.460698725481052e-14
7.460698725481052e-14
7.460698725481052e-14
7.460698725481052e-14
7.460698725481052e-14
7.460698725481052e-14
7.460698725481052e-14
7.460698725481052e-14
7.460698725481052e-14
7.460698725481052e-14
7.460698725481052e-14
7.460698725481052e-14
7.460698725481052e-14
7.460698725481052e-14
7.460698725481052e-14
7.460698725481052e-14
7.460698725481052e-14
7.460698725481052e-14
7.460698725481052e-14
7.460698725481052e-14
7.460698725481052e-14
7.460698725481052e-14
7.460698725481052e-14
7.460698725481052e-14
7.460698725481052e-14
7.460698725481052e-14
7.460698725481052e-14
7.460698725481052e-14
7.460698725481052e-14
7.460698725481052e-14
7.460698725481052e-14
7.460698725481052e-14
