-220042.87
-41.63
-38.6
-37.87
-38.3
-36.98
-33.85
-34.03
-31.97
-31.31
-30.5
-28.8
-26.61
-25.82
-23.81
-23.36
-20.49
-20.2
-20.07
-15.79
-13.91
-13.26
-13.54
-14.04
-13.1
-13.72
-12.89
-15.21
-13.75
-13.65
-12.63
-13.88
-13.52
-13.88
-13.6
-12.92
-13.57
-14.12
-13.1
-13.91
-12.84
-12.58
-13.31
-12.84
-14.25
-12.58
-12.58
-12.92
-13.26
-13.6
-12.92
-14.25
-13.52
-13.78
-14.11
-13.6
-13.6
-16.46
-12.24
-11.56
-12.16
-12.63
-12.29
-11.9
-12.24
-12.58
-12.58
-12.58
-11.9
-11.9
-12.58
-13.26
-12.24
-11.9
