-52.18333333333333
-36.267605633802816
-37.11764705882353
-36.50574712643678
-32.40625
-31.34375
-28.333333333333332
-27.766666666666666
-26.066666666666666
-23.233333333333334
-22.1
-19.266666666666666
-17.566666666666666
-14.733333333333333
-12.466666666666667
-10.2
-9.415384615384616
-7.555555555555555
-9.5
-6.314285714285714
-7.064935064935065
-8.395061728395062
-6.455696202531645
-8.395061728395062
-8.19277108433735
0.0
-6.8
-5.194444444444445
-6.181818181818182
-8.707317073170731
-5.368421052631579
-5.44
-8.075
-6.886075949367089
-7.846153846153846
-8.292682926829269
-6.9743589743589745
-7.846153846153846
-6.886075949367089
-6.7105263157894735
-8.19277108433735
-9.093023255813954
-8.292682926829269
-6.181818181818182
-9.121951219512194
-8.5
-7.225
-9.2
-9.6
-9.421686746987952
-6.9743589743589745
-6.8
-7.064935064935065
-8.395061728395062
0.0
-10.0
-7.846153846153846
-7.846153846153846
-11.094736842105263
0.0
0.0
-6.8
0.0
-7.048780487804878
-8.988505747126437
-8.5
-8.8
-7.878048780487805
-9.714285714285714
-8.886363636363637
-10.461538461538462
-12.16842105263158
-9.272727272727273
-6.716049382716049
